-491.4600,340.9500
-491.4600,340.9650
-491.4600,340.9500
-491.4600,340.9500
-491.4600,340.9350
-491.4600,340.9350
-491.4600,340.9200
-491.4600,340.9200
-491.4600,340.9200
-491.4600,340.9200
-491.4600,340.9200
-491.4600,340.9200
-491.4600,340.9350
-491.4600,340.9500
-491.4600,340.9200
-491.4600,340.9200
-491.4600,340.9200
-491.4600,340.9200
-491.4600,340.9350
-491.4600,340.9500
-491.4600,340.9800
-491.4600,340.9800
-491.4600,340.9500
-491.4600,340.9500
-491.4600,340.9500
-491.4600,340.9350
-491.4600,340.9200
-491.4600,340.9200
-491.4600,340.9200
-491.4600,340.9200
-491.4600,340.9350
-491.4600,340.9500
-491.4600,340.9800
-491.4600,340.9800
-491.4600,340.9800
-491.4600,340.9500
-491.4600,340.9350
-491.4600,340.9200
-491.4600,340.9200
-491.4600,340.9500
-491.4600,340.9500
-491.4600,340.9500
-491.4600,340.9800
-491.4600,341.0100
-491.4600,340.9950
-491.4600,340.9800
-491.4600,340.9500
-491.4600,340.9350
-491.4600,340.9500
-491.4600,340.9500
-491.4600,340.9800
-491.4600,340.9800
-491.4600,340.9800
-491.4600,340.9950
-491.4600,340.9950
-491.4600,340.9800
-491.4600,340.9650
-491.4600,340.9200
-491.4600,340.9200
-491.4600,340.9200
-491.4600,340.9350
-491.4600,340.9500
-491.4600,340.9800
-491.4600,341.0100
-491.4600,340.9950
-491.4600,340.9800
-491.4600,340.9650
-491.4600,340.9200
-491.4600,340.9050
-491.4600,340.8900
-491.4600,340.8900
-491.4600,340.9200
-491.4600,340.9800
-491.4600,341.0250
-491.4600,341.0400
-491.4600,341.0400
-491.4600,341.0100
-491.4600,340.9800
-491.4600,340.9500
-491.4600,340.9200
-491.4600,340.8900
-491.4600,340.8900
-491.4600,340.9350
91.4600,340.-491.46-49800
00,341.0100
-491.4600,341.0400
-491.4600,341.0400
-491.4600,341.0250
-491.4600,340.9950
-491.4600,340.9800
-491.4600,340.9350
-491.4600,340.9500
-491.4600,340.9500
-491.4600,340.9800
-491.4600,341.0100
-491.4600,341.0100
-491.4600,341.0250
-491.4600,341.0400
-491.4600,341.0100
-491.4600,340.9500
-491.4600,340.9500
-491.4600,340.9500
-491.4600,340.9500
-491.4600,340.9650
-491.4600,341.0100
-491.4600,341.0400
-491.4600,341.0400
-491.4600,341.0400
-491.4600,341.0100
-491.4600,340.9800
-491.4600,340.9650
-491.4600,340.9200
-491.4600,340.8900
-491.4600,340.8600
-491.4600,340.8900
-491.4600,340.9200
-491.4600,340.9800
-491.4600,341.0400
-491.4600,341.0700
-491.4600,341.1000
-491.4600,341.0700
-491.4600,341.0550
-491.4600,341.0100
-491.4600,340.9650
-491.4600,340.8900
-491.4600,340.8450
-491.4600,340.8600
-491.4600,340.8900
-491.4600,340.9500
-491.4600,341.0100
-491.4600,341.0400
-491.4600,341.0400
-491.4600,341.0400
-491.4600,341.0100
-491.4600,340.9800
-491.4600,340.9500
-491.4600,340.9200
-491.4600,340.9200
-491.4600,340.9200
-491.4600,340.9500
-491.4600,340.9800
-491.4600,340.9800
-491.4600,341.0100
-491.4600,340.9800
-491.4600,340.9650
-491.4600,340.9500
-491.4600,340.9200
-491.4600,340.9350
-491.4600,340.9350
-491.4600,340.9500
-491.4600,340.9800
-491.4600,340.9950
-491.4600,340.9950
-491.4600,341.0100
-491.4600,341.0100
-491.4600,341.0250
-491.4600,341.0100
-491.4600,341.0100
-491.4600,340.9800
-491.4600,340.9650
-491.4600,340.9500
-491.4600,340.9200
-491.4600,340.8900
-491.4600,340.8900
-491.4600,340.9200
-491.4600,340.9500
-491.4600,341.0100
-491.4600,341.0400
-491.4600,341.0700
-491.4600,341.0700
-491.4600,341.0400
-491.4600,341.0100
-491.4600,340.9800
-491.4600,340.9500
-491.4600,340.9200
-491.4600,340.8900
-491.4600,340.9050
-491.4600,340.9200
-491.4600,340.9200
-491.4600,340.9500
-491.4600,340.9800
-491.4600,341.0400
-491.4600,341.0700
-491.4600,341.0700
-491.4600,341.1000
-491.4600,341.0700
-491.4600,341.0400
-491.4600,340.9800
-491.4600,340.9200
-491.4600,340.8900
-491.4600,340.9200
-491.4600,340.9650
-491.4600,341.0100
-491.4600,340.9500
-491.4600,340.8900
-491.4600,340.9200
-491.4600,341.0400
-491.4600,341.1900
-491.4600,341.2500
-491.4600,341.1900
-491.4600,341.0550
-491.4600,341.0100
-491.4600,341.0400
-491.4600,340.9500
-491.4600,340.8300
-491.4600,340.7400
-491.4600,340.7100
-491.4600,340.8300
-491.4600,340.9800
-491.4600,341.0700
-491.4600,341.1300
-491.4600,341.1600
-491.4600,341.1300
-491.4600,341.0700
-491.4600,340.9500
-491.4600,340.8750
-491.4600,340.8600
-491.4600,340.8900
-49100
.4600,340.98-491.4600,341.0400
-491.4600,341.0400
-491.4600,341.0100
-491.4600,340.9800
-491.4600,340.9350
-491.4600,340.9050
-491.4600,340.9200
-491.4600,340.9800
-491.4600,341.0400
-491.4600,341.1000
-491.4600,341.0850
-491.4600,341.0100
-491.4600,340.8900
-491.4600,340.8300
-491.4600,340.8000
-491.4600,340.8300
-491.4600,340.9050
-491.4600,340.9950
-491.4600,341.0700
-491.4600,341.1000
-491.4600,341.0400
-491.4600,340.9800
-491.4600,340.9050
-491.4600,340.8600
-491.4600,340.8600
-491.4600,340.8750
-491.4600,340.9500
-491.4600,341.0400
-491.4600,341.0850
-491.4600,341.1000
-491.4600,341.0700
-491.4600,341.0100
-491.4600,340.9650
-491.4600,340.9500
-491.4600,340.9800
-491.4600,341.0100
-491.4600,341.0100
-491.4600,341.0100
-491.4600,340.9650
-491.4600,340.9200
-491.4600,340.9050
-491.4600,340.8900
-491.4600,340.9500
-491.4600,341.0250
-491.4600,341.1000
-491.4600,341.1600
-491.4600,341.1300
-491.4600,341.0400
-491.4600,340.9500
-491.4600,340.8450
-491.4600,340.7700
-491.4600,340.7700
-491.4600,340.8600
-491.4600,341.0100
-491.4600,341.1600
-491.4600,341.2200
-491.4600,341.1750
-491.4600,341.0700
-491.4600,341.0250
-491.4600,341.0100
-491.4600,340.9800
-491.4600,340.9800
-491.4600,340.9350
-491.4600,340.9200
-491.4600,340.9500
-491.4600,340.9500
-491.4600,340.9800
-491.4600,340.9800
-491.4600,341.0100
-491.4600,341.0400
-491.4600,341.0850
-491.4600,341.1150
-491.4600,341.1300
-491.4600,341.1000
-491.4600,340.9950
-491.4600,340.8900
-491.4600,340.8300
-491.4600,340.8150
-491.4600,340.8900
-491.4600,340.9650
-491.4600,341.0400
-491.4600,341.1000
-491.4600,341.1150
-491.4600,341.0700
-491.4600,341.0100
-491.4600,340.9500
-491.4600,340.9500
-491.4600,340.9500
-491.4600,340.9650
-491.4600,341.0100
-491.4600,341.0400
-491.4600,341.0250
-491.4600,340.9950
-491.4600,340.9350
-491.4600,340.9200
-491.4600,340.9500
-491.4600,341.0100
-491.4600,341.0850
-491.4600,341.1300
-491.4600,341.1150
-491.4600,341.0550
-491.4600,340.9800
-491.4600,340.8600
-491.4600,340.7700
-491.4600,340.7700
-491.4600,340.8450
-491.4600,340.9500
-491.4600,341.0400
-491.4600,341.1150
-491.4600,341.1300
-491.4600,341.1300
-491.4600,341.0850
-491.4600,341.0100
-491.4600,340.9500
-491.4600,340.9500
-491.4600,340.9800
-491.4600,340.9950
-491.4600,341.0250
-491.4600,341.0100
-491.4600,340.9800
-491.4600,340.9800
-491.4600,340.9800
-491.4600,341.0100
-491.4600,341.0700
-491.4600,341.0850
-491.4600,341.1000
-491.4600,341.0700
-491.4600,341.0250
-491.4600,340.9650
-491.4600,340.9050
-491.4600,340.8900
-491.4600,340.8900
-491.4600,340.9500
-491.4600,340.9950
-491.4600,341.0550
-491.4600,341.0550
-491.4600,341.0100
-491.4600,340.9800
-491.4600,340.9050
-491.4600,340.8900
-491.4600,340.9050
-491.4600,340.9500
-491.4600,341.0100
-491.4600,341.0700
-491.4600,341.0700
-491.4600,341.0700
-491.4600,341.0100
-491.4600,340.9500
-491.4600,340.9200
-491.4600,340.8900
-491.4600,340.9500
-491.4600,340.9800
-491.4600,341.0100
-491.4600,341.0400
-491.4600,341.0100
-491.4600,341.0100
-491.4600,340.9800
-491.4600,340.9800
-491.4600,340.9800
-491.4600,340.9800
-491.4600,341.0100
-491.4600,341.0400
-491.4600,341.0700
-491.4600,341.0700
-491.4600,341.0400
-491.4600,340.9800
-491.4600,340.9800
-491.4600,340.9800
-491.4600,341.0100
-491.4600,341.0400
-491.4600,341.0550
-491.4600,341.0550
-491.4600,341.0100
-491.4600,340.9800
-491.4600,340.9800
-491.4600,340.9650
-491.4600,340.9800
-491.4600,341.0100
-491.4600,341.0100
-491.4600,341.0100
-491.4600,341.0100
-491.4600,340.9950
-491.4600,340.9800
-491.4600,340.9350
-491.4600,340.9350
-491.4600,340.9500
-491.4600,340.9950
-491.4600,341.0400
-491.4600,341.0400
-491.4600,341.0400
-491.4600,341.0100
-491.4600,341.0250
-491.4600,341.0400
-491.4600,341.0550
-491.4600,341.0400
-491.4600,341.0400
-491.4600,341.0400
-491.4600,341.0700
-491.4600,341.0550
-491.4600,341.0250
-491.4600,340.9950
-491.4600,340.9650
-491.4600,340.9500
-491.4600,340.9800
-491.4600,341.0100
-491.4600,341.0550
-491.4600,341.0850
-491.4600,341.1000
-491.4600,341.0400
-491.4600,341.0100
-491.4600,340.9800
-491.4600,340.9500
-491.4600,340.9800
-491.4600,341.0100
-491.4600,341.0400
-491.4600,341.0250
-491.4600,341.0100
-491.4600,341.0100
-491.4600,340.9950
-491.4600,341.0100
-491.4600,341.0250
-491.4600,341.0250
-491.4600,341.0400
-491.4600,341.0550
-491.4600,341.0400
-491.4600,341.0100
-491.4600,340.9650
-491.4600,340.9500
-491.4600,340.9350
-491.4600,340.9500
-491.4600,340.9800
-491.4600,341.0400
-491.4600,341.0700
-491.4600,341.0850
-491.4600,341.0550
-491.4600,341.0250
-491.4600,340.9800
-491.4600,340.9500
-491.4600,340.9500
-491.4600,340.9500
-491.4600,341.0100
-491.4600,341.0250
-491.4600,341.0400
-491.4600,341.0400
-491.4600,341.0100
-491.4600,340.9950
-491.4600,340.9500
-491.4600,340.9350
-491.4600,340.9500
-491.4600,340.9650
-491.4600,340.9800
-491.4600,340.9950
-491.4600,340.9800
-491.4600,340.9800
-491.4600,340.9800
-491.4600,340.9950
-491.4600,341.0100
-491.4600,341.0100
-491.4600,341.0100
-491.4600,340.9800
-491.4600,340.9650
-491.4600,340.9500
-491.4600,340.9500
-491.4600,340.9800
-491.4600,341.0100
-491.4600,341.0550
-491.4600,341.1000
-491.4600,341.1000
-491.4600,341.1000
-491.4600,341.0850
-491.4600,341.0400
-491.4600,340.9800
-491.4600,340.9350
-491.4600,340.9200
-491.4600,340.9500
-491.4600,340.9800
-491.4600,341.0100
-491.4600,341.0400
-491.4600,341.0400
-491.4600,341.0400
-491.4600,341.0400
-491.4600,341.0400
-491.4600,341.0400
-491.4600,341.0700
-491.4600,341.0700
-491.4600,341.0400
-491.4600,341.0400
-491.4600,341.0400
-491.4600,341.0100
-491.4600,340.9800
-491.4600,340.9650
-491.4600,340.9800
-491.4600,341.0250
-491.4600,341.0700
-491.4600,341.1000
-491.4600,341.1000
-491.4600,341.0850
-491.4600,341.0550
-491.4600,341.0400
-491.4600,341.0250
-491.4600,341.0400
-491.4600,341.0100
-491.4600,341.0250
-491.4600,341.0100
-491.4600,341.0400
-491.4600,341.0400
-491.4600,341.0400
-491.4600,341.0400
-491.4600,341.0400
-491.4600,341.0400
-491.4600,341.0700
-491.4600,341.0700
-491.4600,341.0700
-491.4600,341.0700
-491.4600,341.0700
-491.4600,341.0700
-491.4600,341.0400
-491.4600,341.0400
-491.4600,341.0400
-491.4600,341.0550
-491.4600,341.0700
-491.4600,341.0850
-491.4600,341.0700
-491.4600,341.0550
-491.4600,341.0100
-491.4600,341.0100
-491.4600,341.0100
-491.4600,341.0100
-491.4600,341.0250
-491.4600,341.0700
-491.4600,341.1000
-491.4600,341.1000
-491.4600,341.1000
-491.4600,341.1000
-491.4600,341.0850
-491.4600,341.0550
-491.4600,341.0400
-491.4600,341.0250
-491.4600,341.0250
-491.4600,341.0400
-491.4600,341.0400
-491.4600,341.0400
-491.4600,341.0400
-491.4600,341.0400
-491.4600,341.0700
-491.4600,341.0700
-491.4600,341.0850
-491.4600,341.0700
-491.4600,341.0400
-491.4600,341.0400
-491.4600,341.0100
-491.4600,340.9950
-491.4600,340.9800
-491.4600,340.9950
-491.4600,341.0100
-491.4600,341.0100
-491.4600,341.0400
-491.4600,341.0250
-491.4600,341.0400
-491.4600,341.0400
-491.4600,341.0700
-491.4600,341.0850
-491.4600,341.0850
-491.4600,341.0700
-491.4600,341.0550
-491.4600,342.2100
-491.4600,343.5750
-491.4600,340.0500
-491.4600,337.0500
-491.4600,336.5100
-491.4600,335.5950
-491.4600,336.3900
-491.4600,338.7600
-491.4600,345.1500
-491.4600,352.2300
-491.4600,353.9100
-491.4600,352.2000
-491.4600,349.2300
-491.4600,344.5800
-491.4600,337.8000
-491.4600,330.7200
-491.4600,327.9300
-491.4600,330.5250
-491.4600,335.7600
-491.4600,341.0100
-491.4600,345.4200
-491.4600,348.9000
-491.4600,350.1600
-491.4600,348.5250
-491.4600,345.2850
-491.4600,341.1300
-491.4600,337.9050
-491.4600,337.4100
-491.4600,338.4600
-491.4600,339.0300
-491.4600,338.7900
-491.4600,338.3100
-491.4600,339.3750
-491.4600,341.6700
-491.4600,342.8100
-491.4600,343.1400
-491.4600,343.9650
-491.4600,344.9100
-491.4600,344.9400
-491.4600,342.8100
-491.4600,339.4500
-491.4600,336.9450
-491.4600,336.1500
-491.4600,337.1700
-491.4600,339.1200
-491.4600,341.2500
-491.4600,343.6350
-491.4600,345.5400
-491.4600,345.9600
-491.4600,344.5800
-491.4600,342.2100
-491.4600,340.2150
-491.4600,338.9400
-491.4600,338.4000
-491.4600,338.4150
-491.4600,338.4150
-491.4600,338.7600
-491.4600,339.8700
-491.4600,341.4000
-491.4600,343.0050
-491.4600,344.3550
-491.4600,345.0900
-491.4600,345.1800
-491.4600,344.3100
-491.4600,342.3900
-491.4600,339.8100
-491.4600,337.5600
-491.4600,336.3300
-491.4600,336.3150
-491.4600,337.5450
-491.4600,339.5400
-491.4600,341.8350
-491.4600,344.1150
-491.4600,345.6450
-491.4600,345.9600
-491.4600,345.1200
-491.4600,343.4400
-491.4600,341.4900
-491.4600,339.6000
-491.4600,338.0100
-491.4600,337.1100
-491.4600,337.1250
-491.4600,338.2050
-491.4600,339.9600
-491.4600,341.8050
-491.4600,343.3800
-491.4600,344.3550
-491.4600,344.7000
-491.4600,344.2650
-491.4600,343.1550
-491.4600,341.6250
-491.4600,340.0200
-491.4600,338.8500
-491.4600,338.3550
-491.4600,338.3850
-491.4600,339.0000
-491.4600,340.2000
-491.4600,341.6400
-491.4600,342.9600
-491.4600,343.7100
-491.4600,343.7400
-491.4600,343.0950
-491.4600,342.0900
-491.4600,341.0550
-491.4600,340.1550
-491.4600,339.6000
-491.4600,339.4650
-491.4600,339.7500
-491.4600,340.3500
-491.4600,341.0100
-491.4600,341.5800
-491.4600,342.0900
-491.4600,342.4500
-491.4600,342.6300
-491.4600,342.5400
-491.4600,342.0750
-491.4600,341.3400
-491.4600,340.5900
-491.4600,340.0050
-491.4600,339.7200
-491.4600,339.7800
-491.4600,340.2300
-491.4600,340.9500
-491.4600,341.7750
-491.4600,342.4200
-491.4600,342.7050
-491.4600,342.6600
-491.4600,342.3000
-491.4600,341.7000
-491.4600,341.0400
-491.4600,340.3800
-491.4600,339.9000
-491.4600,339.7500
-491.4600,339.9600
-491.4600,340.4550
-491.4600,341.1300
-491.4600,341.8500
-491.4600,342.4350
-491.4600,342.7650
-491.4600,342.7200
-491.4600,342.3000
-491.4600,341.6400
-491.4600,340.8900
-491.4600,340.2150
-491.4600,339.7800
-491.4600,339.6600
-491.4600,339.8850
-491.4600,340.4850
-491.4600,341.2500
-491.4600,343.9800
-491.4600,331.6050
-491.4600,318.4500
-491.4600,317.9250
-491.4600,322.2900
-491.4600,334.1700
-491.4600,345.8100
-491.4600,357.0300
-491.4600,363.1500
-491.4600,362.5800
-491.4600,356.7300
-491.4600,350.8200
-491.4600,348.1200
-491.4600,343.5600
-491.4600,336.4200
-491.4600,333.3900
-491.4600,334.1250
-491.4600,334.7100
-491.4600,334.7100
-491.4600,333.4500
-491.4600,331.2600
-491.4600,331.3950
-491.4600,335.2200
-491.4600,341.2500
-491.4600,347.7300
-491.4600,351.5100
-491.4600,351.0000
-491.4600,346.9800
-491.4600,342.1200
-491.4600,337.1700
-491.4600,332.7450
-491.4600,330.9000
-491.4600,332.5950
-491.4600,337.2300
-491.4600,342.4650
-491.4600,345.8100
-491.4600,346.8150
-491.4600,345.3000
-491.4600,342.0750
-491.4600,339.7200
-491.4600,338.9700
-491.4600,338.8950
-491.4600,339.3000
-491.4600,340.2300
-491.4600,341.1600
-491.4600,341.5050
-491.4600,341.5350
-491.4600,342.2400
-491.4600,343.2000
-491.4600,343.9500
-491.4600,344.3100
-491.4600,343.8300
-491.4600,342.6600
-491.4600,340.8150
-491.4600,338.6850
-491.460491.4600,336.4950
-491.40,337.1400
-600,337.3500
-491.4600,339.8400
-491.4600,342.6900
-491.4600,345.0900
-491.4600,346.8600
-491.4600,347.3400
-491.4600,346.3800
-491.4600,344.3550
-491.4600,341.9700
-491.4600,339.8400
-491.4600,338.4000
-491.4600,337.8000
-491.4600,337.8150
-491.4600,338.5200
-491.4600,339.7800
-491.4600,341.2050
-491.4600,342.6600
-491.4600,344.0100
-491.4600,344.9700
-491.4600,345.5700
-491.4600,345.6000
-491.4600,344.9250
-491.4600,343.5600
-491.4600,341.6550
-491.4600,339.7200
-491.4600,338.3100
-491.4600,337.7550
-491.4600,338.1300
-491.4600,339.3000
-491.4600,341.0100
-491.4600,342.8850
-491.4600,344.4900
-491.4600,345.3000
-491.4600,345.1800
-491.4600,344.4900
-491.4600,343.3800
-491.4600,342.1200
-491.4600,341.0850
-491.4600,340.2900
-491.4600,339.7500
-491.4600,339.6900
-491.4600,340.1100
-491.4600,340.9200
-491.4600,341.9550
-491.4600,342.9600
-491.4600,343.6500
-491.4600,343.9500
-491.4600,343.7400
-491.4600,343.0500
-491.4600,342.1050
-491.4600,341.2200
-491.4600,340.6050
-491.4600,340.4400
-491.4600,340.7700
-491.4600,341.4300
-491.4600,342.2400
-491.4600,342.9300
-491.4600,343.2900
-491.4600,343.2600
-491.4600,342.8700
-491.4600,342.2250
-491.4600,341.5200
-491.4600,341.0100
-491.4600,340.7250
-491.4600,340.7400
-491.4600,341.1300
-491.4600,341.7300
-491.4600,342.3900
-491.4600,342.9750
-491.4600,343.2900
-491.4600,343.3500
-491.4600,343.1100
-491.4600,342.5400
-491.4600,341.8650
-491.4600,341.2200
-491.4600,340.7550
-491.4600,340.5900
-491.4600,340.7400
-491.4600,341.1450
-491.4600,341.7600
-491.4600,342.4200
-491.4600,342.9900
-491.4600,343.3200
-491.4600,343.3350
-491.4600,343.0500
-491.4600,342.5850
-491.4600,342.0000
-491.4600,341.4300
-491.4600,341.0250
-491.4600,340.8000
-491.4600,340.8600
-491.4600,341.1300
-491.4600,341.5800
-491.4600,342.0600
-491.4600,342.5400
-491.4600,342.8700
-491.4600,343.0800
-491.4600,343.0350
-491.4600,342.8100
-491.4600,342.3900
-491.4600,341.8650
-491.4600,341.4000
-491.4600,341.0400
-491.4600,340.9200
-491.4600,341.0250
-491.4600,341.3550
-491.4600,341.8500
-491.4600,342.3900
-491.4600,342.8100
-491.4600,343.0200
-491.4600,343.0050
-491.4600,342.7500
-491.4600,342.3300
-491.4600,341.8500
-491.4600,341.3850
-491.4600,341.0700
-491.4600,340.9800
-491.4600,341.1000
-491.4600,341.4300
-491.4600,341.8800
-491.4600,342.3600
-491.4600,342.7200
-491.4600,342.9450
-491.4600,342.9450
-491.4600,342.6900
-491.4600,342.3000
-491.4600,341.8500
-491.4600,341.4000
-491.4600,341.1300
-491.4600,341.1000
-491.4600,341.2650
-491.4600,341.6100
-491.4600,342.0300
-491.4600,342.3900
-491.4600,342.6300
-491.4600,342.7500
-491.4600,342.6450
-491.4600,342.4200
-491.4600,342.0900
-491.4600,341.7450
-491.4600,341.5050
-491.4600,341.4000
-491.4600,341.4300
-491.4600,341.6250
-491.4600,341.8800
-491.4600,342.1200
-491.4600,342.3300
-491.4600,342.4350
-491.4600,342.4200
-491.4600,342.3150
-491.4600,342.1500
-491.4600,341.9700
-491.4600,341.8200
-491.4600,341.7000
-491.4600,341.6700
-491.4600,341.7600
-491.4600,341.9100
-491.4600,342.0750
-491.4600,342.2100
-491.4600,342.3000
-491.4600,342.3000
-491.4600,342.2400
-491.4600,342.0900
-491.4600,341.9250
-491.4600,341.7600
-491.4600,341.7000
-491.4600,341.6850
-491.4600,341.7600
-491.4600,341.9250
-491.4600,342.0900
-491.4600,342.2400
-491.4600,342.3750
-491.4600,342.4200
-491.4600,342.3900
-491.4600,342.3000
-491.4600,342.1500
-491.4600,341.9400
-491.4600,341.7450
-491.4600,341.5800
-491.4600,341.5200
-491.4600,341.5800
-491.4600,341.7300
-491.4600,341.9400
-491.4600,342.1800
-491.4600,342.3900
-491.4600,342.5700
-491.4600,342.6300
-491.4600,342.5550
-491.4600,342.3750
-491.4600,342.1200
-491.4600,341.8200
-491.4600,341.6100
-491.4600,341.4900
-491.4600,341.4600
-491.4600,341.5800
-491.4600,341.8200
-491.4600,342.0900
-491.4600,342.3600
-491.4600,342.5700
-491.4600,342.6600
-491.4600,342.6000
-491.4600,342.4500
-491.4600,342.2400
-491.4600,341.9850
-491.4600,341.7600
-491.4600,341.5800
-491.4600,341.5200
-491.4600,341.5800
-491.4600,341.7000
-491.4600,341.8950
-491.4600,342.1200
-491.4600,342.3000
-491.4600,342.4200
-491.4600,342.4500
-491.4600,342.3900
-491.4600,342.2550
-491.4600,342.1050
-491.4600,341.9700
-491.4600,341.8500
-491.46008200
,341.8050
1.4600,341.-49-491.4600,341.8950
-491.4600,342.0000
-491.4600,342.0600
-491.4600,342.1200
-491.4600,342.1500
-491.4600,342.1500
-491.4600,342.1500
-491.4600,342.0900
-491.4600,342.0750
-491.4600,342.0450
-491.4600,342.0300
-491.4600,342.0450
-491.4600,342.0600
-491.4600,342.0900
-491.4600,342.0900
-491.4600,342.1050
-491.4600,342.0750
-491.4600,342.0300
-491.4600,342.0000
-491.4600,341.9400
-491.4600,341.9250
-491.4600,341.9100
-491.4600,341.9400
-491.4600,342.0000
-491.4600,342.0900
-491.4600,342.2100
-491.4600,342.2850
-491.4600,342.3300
-491.4600,342.3300
-491.4600,342.2550
-491.4600,342.1650
-491.4600,342.0600
-491.4600,341.9700
-491.4600,341.8800
-491.4600,341.8500
-491.4600,341.8500
-491.4600,341.9100
-491.4600,342.0150
-491.4600,342.1200
-491.4600,342.2550
-491.4600,342.3600
-491.4600,342.4500
-491.4600,342.4500
-491.4600,342.3900
-491.4600,342.3000
-491.4600,342.1950
-491.4600,342.0900
-491.4600,341.9700
-491.4600,341.8800
-491.4600,341.8800
-491.4600,341.9400
-491.4600,342.0600
-491.4600,342.2100
-491.4600,342.3750
-491.4600,342.4800
-491.4600,342.5400
-491.4600,342.5400
-491.4600,342.4800
-491.4600,342.4200
-491.4600,342.3600
-491.4600,342.3000
-491.4600,342.2400
-491.4600,342.1800
-491.4600,342.1500
-491.4600,342.1800
-491.4600,342.2700
-491.4600,342.3450
-491.4600,342.4500
-491.4600,342.5400
-491.4600,342.6000
-491.4600,342.6000
-491.4600,342.5700
-491.4600,342.5100
-491.4600,342.5100
-491.4600,342.4800
-491.4600,342.4650
-491.4600,342.4350
-491.4600,342.4500
-491.4600,342.5100
-491.4600,342.5400
-491.4600,342.5700
-491.4600,342.5700
-491.4600,342.6000
-491.4600,342.6000
-491.4600,342.6150
-491.4600,342.6450
-491.4600,342.6600
-491.4600,342.7050
-491.4600,342.7500
-491.4600,342.7950
-491.4600,342.7950
-491.4600,342.8100
-491.4600,342.7800
-491.4600,342.7350
-491.4600,342.7500
-491.4600,342.7200
-491.4600,342.7200
-491.4600,342.7200
-491.4600,342.7350
-491.4600,342.7500
-491.4600,342.8100
-491.4600,342.8550
-491.4600,342.9300
-491.4600,342.9900
-491.4600,343.0350
-491.4600,343.0500
-491.4600,343.0200
-491.4600,343.0050
-491.4600,342.9750
-491.4600,342.9150
-491.4600,342.8850
-491.4600,342.8550
-491.4600,342.8700
-491.4600,342.9000
-491.4600,342.9600
-491.4600,343.0500
-491.4600,343.1100
-491.4600,343.1700
-491.4600,343.2300
-491.4600,343.2300
-491.4600,343.2300
-491.4600,343.2150
-491.4600,343.1700
-491.4600,343.1100
-491.4600,343.0800
-491.4600,343.0500
-491.4600,343.0650
-491.4600,343.0950
-491.4600,343.1100
-491.4600,343.1550
-491.4600,343.2300
-491.4600,343.2900
-491.4600,343.3800
-491.4600,343.4100
-491.4600,343.4100
-491.4600,343.3800
-491.4600,343.3200
-491.4600,343.2900
-491.4600,343.2600
-491.4600,343.2750
-491.4600,343.2750
-491.4600,343.2900
-491.4600,343.3200
-491.4600,343.3650
-491.4600,343.4100
-491.4600,343.4400
-491.4600,343.4400
-491.4600,343.4700
-491.4600,343.4550
-491.4600,343.4250
-491.4600,343.3800
-491.4600,343.3650
-491.4600,343.4100
-491.4600,343.4700
-491.4600,343.5000
-491.4600,343.5150
-491.4600,343.5000
-491.4600,343.4700
-491.4600,343.4550
-491.4600,343.4550
-491.4600,343.5000
-491.4600,343.5600
-491.4600,343.6200
-491.4600,343.6500
-491.4600,343.6350
-491.4600,343.5900
-491.4600,343.5600
-491.4600,343.5450
-491.4600,343.5450
-491.4600,343.5600
-491.4600,343.5900
-491.4600,343.5750
-491.4600,343.5600
-491.4600,343.5300
-491.4600,343.5300
-491.4600,343.5300
-491.4600,343.5600
-491.4600,343.5750
-491.4600,343.6050
-491.4600,343.6350
-491.4600,343.6500
-491.4600,343.6500
-491.4600,343.6350
-491.4600,343.6200
-491.4600,343.5900
-491.4600,343.5600
-491.4600,343.5300
-491.4600,343.5300
-491.4600,343.5300
-491.4600,343.5600
-491.4600,343.5750
-491.4600,343.5900
-491.4600,343.5900
-491.4600,343.6200
-491.4600,343.6200
-491.4600,343.6200
-491.4600,343.6350
-491.4600,343.6200
-491.4600,343.6200
-491.4600,343.5900
-491.4600,343.5600
-491.4600,343.5300
-491.4600,343.5300
-491.4600,343.5450
-491.4600,343.5450
-491.4600,343.5600
-491.4600,343.5600
-491.4600,343.6200
-491.4600,343.6500
-491.4600,343.6500
-491.4600,343.6500
-491.4600,343.6500
-491.4600,343.6050
-491.4600,343.5900
-491.4600,343.5600
-491.4600,343.5450
-491.4600,343.5300
-491.4600,343.5300
-491.4600,343.5300
-491.4600,343.5300
-491.4600,343.5600
-491.4600,343.5900
-491.4600,343.6050
-491.4600,343.6200
-491.4600,343.6200
-491.4600,343.6350
-491.4600,343.6200
-491.4600,343.6200
-491.4600,343.5900
-491.4600,343.5750
-491.4600,343.5600
-491.4600,343.5750
-491.4600,343.5900
-491.4600,343.5600
-491.4600,343.5600
-491.4600,343.5600
-491.4600,343.5450
-491.4600,343.5600
-491.4600,343.5600
-491.4600,343.5600
-491.4600,343.5600
-491.4600,343.5750
-491.4600,343.5900
-491.4600,343.5900
-491.4600,343.5900
-491.4600,343.6200
-491.4600,343.6200
-491.4600,343.6200
-491.4600,343.5900
-491.4600,343.5900
-491.4600,343.5900
-491.4600,343.5900
-491.4600,343.5900
-491.4600,343.5750
-491.4600,343.5750
-491.4600,343.5900
-491.4600,343.6050
-491.4600,343.5900
-491.4600,343.6050
-491.4600,343.5900
-491.4600,343.5900
-491.4600,343.5900
-491.4600,343.5600
-491.4600,343.5600
-491.4600,343.5300
-491.4600,343.5450
-491.4600,343.5600
-491.4600,343.5600
-491.4600,343.5600
-491.4600,343.5600
-491.4600,343.5900
-491.4600,343.5900
-491.4600,343.6200
-491.4600,343.6200
-491.4600,343.6200
-491.4600,343.6200
-491.4600,343.5900
-491.4600,343.5600
-491.4600,343.5600
-491.4600,343.5300
-491.4600,343.5450
-491.4600,343.5600
-491.4600,343.5600
-491.4600,343.5600
-491.4600,343.5750
-491.4600,343.5900
-491.4600,343.6200
-491.4600,343.6200
-491.4600,343.6050
-491.4600,343.5600
-491.4600,343.5600
-491.4600,343.5300
-491.4600,343.5300
-491.4600,343.5300
-491.4600,343.5300
-491.4600,343.5300
-491.4600,343.5750
-491.4600,343.6200
-491.4600,343.6200
-491.4600,343.6500
-491.4600,343.6350
-491.4600,343.6200
-491.4600,343.6200
-491.4600,343.6050
-491.4600,343.5900
-491.4600,343.5900
-491.4600,343.5750
-491.4600,343.5600
-491.4600,343.5900
-491.4600,343.5750
-491.4600,343.5900
-491.4600,343.5900
-491.4600,343.5750
-491.4600,343.5600
-491.4600,343.5600
-491.4600,343.5600
-491.4600,343.5900
-491.4600,343.5900
-491.4600,343.5900
-491.4600,343.5900
-491.4600,343.5900
-491.4600,343.5600
-491.4600,343.5600
-491.4600,343.5600
-491.4600,343.5600
-491.4600,343.5600
-491.4600,343.5750
-491.4600,343.5900
-491.4600,343.6050
-491.4600,343.6050
-491.4600,343.6200
-491.4600,343.6200
-491.4600,343.6200
-491.4600,343.6200
-491.4600,343.6200
-491.4600,343.6200
-491.4600,343.5900
-491.4600,343.5900
-491.4600,343.5900
-491.4600,343.5900
-491.4600,343.5900
-491.4600,343.5900
-491.4600,343.5900
-491.4600,343.5300
-491.4600,343.3950
-491.4600,343.2150
-491.4600,343.0800
-491.4600,343.0500
-491.4600,343.0950
-491.4600,343.1400
-491.4600,343.0950
-491.4600,342.9300
-491.4600,342.6900
-491.4600,342.4800
-491.4600,342.3900
-491.4600,342.4050
-491.4600,342.6150
-491.4600,343.1100
-491.4600,343.7400
-491.4600,344.1000
-491.4600,343.8450
-491.4600,343.2000
-491.4600,342.6300
-491.4600,342.2550
-491.4600,342.4500
-491.4600,343.2900
-491.4600,344.3100
-491.4600,344.9400
-491.4600,344.6400
-491.4600,343.4700
-491.4600,342.1950
-491.4600,341.4000
-491.4600,341.4750
-491.4600,342.3900
-491.4600,343.5900
-491.4600,344.4600
-491.4600,344.6400
-491.4600,344.0250
-491.4600,342.8400
-491.4600,342.0150
-491.4600,342.1500
-491.4600,342.7500
-491.4600,343.3500
-491.4600,343.6800
-491.4600,343.5600
-491.4600,343.1100
-491.4600,342.4050
-491.4600,341.9100
-491.4600,342.1050
-491.4600,342.7050
-491.4600,343.4100
-491.4600,344.0100
-491.4600,344.2800
,344.1600
-491.4600,343.8450
-491.4600-491.4600,343.4100
-491.4600,343.0500
-491.4600,342.8700
-491.4600,342.9000
-491.4600,343.0500
-491.4600,343.2300
-491.4600,343.2600
-491.4600,343.0800
-491.4600,342.7650
-491.4600,342.5700
-491.4600,342.6450
-491.4600,342.8700
-491.4600,343.1250
-491.4600,343.2900
-491.4600,343.2600
-491.4600,343.0500
-491.4600,342.7050
-491.4600,342.3150
-491.4600,342.1050
-491.4600,342.3750
-491.4600,343.2000
-491.4600,343.8600
-491.4600,343.8300
-491.4600,343.2900
-491.4600,342.6900
-491.4600,342.3900
-491.4600,342.6900
-491.4600,343.6800
-491.4600,344.9100
-491.4600,345.4800
-491.4600,344.8500
-491.4600,343.3800
-491.4600,341.9400
-491.4600,341.1900
-491.4600,341.4000
-491.4600,342.5550
-491.4600,344.0100
-491.4600,344.3700
-491.4600,343.7850
-491.4600,343.3950
-491.4600,343.2450
-491.4600,342.9300
-491.4600,342.6600
-491.4600,342.6000
-491.4600,342.8100
-491.4600,342.9600
-491.4600,342.8700
-491.4600,343.0050
-491.4600,343.2450
-491.4600,343.2900
-491.4600,343.3200
-491.4600,343.3200
-491.4600,343.2750
-491.4600,343.3650
-491.4600,343.5000
-491.4600,343.5900
-491.4600,343.6500
-491.4600,343.6200
-491.4600,343.4400
-491.4600,343.1550
-491.4600,342.8100
-491.4600,342.5400
-491.4600,342.3900
-491.4600,342.4200
-491.4600,342.6600
-491.4600,342.8700
-491.4600,342.9600
-491.4600,342.8250
-491.4600,342.4800
-491.4600,342.2100
-491.4600,342.3000
-491.4600,342.9600
-491.4600,343.9200
-491.4600,344.3700
-491.4600,343.8300
-491.4600,342.8400
-491.4600,342.0900
-491.4600,341.9700
-491.4600,342.7050
-491.4600,344.1300
-491.4600,345.5100
-491.4600,345.7800
-491.4600,344.5500
-491.4600,342.5550
-491.4600,340.9950
-491.4600,340.6500
-491.4600,341.5650
-491.4600,343.2600
-491.4600,344.4900
-491.4600,344.4600
-491.4600,343.9800
-491.4600,343.7100
-491.4600,343.2600
-491.4600,342.7950
-491.4600,342.5100
-491.4600,342.3300
-491.4600,342.3000
-491.4600,342.2250
-491.4600,342.4350
-491.4600,343.0650
-491.4600,343.6200
-491.4600,343.8900
-491.4600,343.9500
-491.4600,343.8150
-491.4600,343.6200
-491.4600,343.4400
-491.4600,343.2600
-491.4600,343.1100
-491.4600,343.0200
-491.4600,343.0500
-491.4600,343.1700
-491.4600,343.2000
-491.4600,343.0800
-491.4600,342.8700
-491.4600,342.6450
-491.4600,342.6600
-491.4600,342.9000
-491.4600,343.1550
-491.4600,343.2900
-491.4600,343.1100
-491.4600,342.7200
-491.4600,342.3600
-491.4600,342.0900
-491.4600,341.9700
-491.4600,342.2400
-491.4600,342.9900
-491.4600,343.8600
-491.4600,344.1000
-491.4600,343.5300
-491.4600,342.7200
-491.4600,342.1650
-491.4600,342.3000
-491.4600,343.2750
-491.4600,344.6400
-491.4600,345.6300
-491.4600,345.4200
-491.4600,343.9650
-491.4600,342.1500
-491.4600,340.8900
-491.4600,340.8150
-491.4600,341.9400
-491.4600,343.5450
-491.4600,344.3250
-491.4600,344.2050
-491.4600,344.0400
-491.4600,343.7100
-491.4600,343.2000
-491.4600,342.7800
-491.4600,342.3600
-491.4600,342.2700
-491.4600,342.3300
-491.4600,342.4500
-491.4600,342.9750
-491.4600,343.6200
-491.4600,343.8900
-491.4600,343.8750
-491.4600,343.6500
-491.4600,343.3200
-491.4600,343.1400
-491.4600,343.0650
-491.4600,343.0500
-491.4600,343.1700
-491.4600,343.3800
-491.4600,343.5600
-491.4600,343.6200
-491.4600,343.4700
-491.4600,342.9900
-491.4600,342.5100
-491.4600,342.3450
-491.4600,342.4350
-491.4600,342.6600
-491.4600,342.9000
-491.4600,342.8700
-491.4600,342.6000
-491.4600,342.2850
-491.4600,342.0600
-491.4600,342.2850
-491.4600,343.1100
-491.4600,344.1300
-491.4600,344.4450
-491.4600,343.8600
-491.4600,343.0500
-491.4600,342.5100
-491.4600,342.5700
-491.4600,343.4700
-491.4600,344.7600
-491.4600,345.5550
-491.4600,345.2850
-491.4600,343.7700
-491.4600,342.0000
-491.4600,341.2800
-491.4600,341.6100
-491.4600,342.0150
-491.4600,342.7200
-491.4600,344.0700
-491.4600,344.9550
-491.4600,344.9100
-491.4600,344.2050
-491.4600,343.1400
-491.4600,342.1800
-491.4600,341.5500
-491.4600,341.2650
-491.4600,341.8800
-491.4600,343.1400
-491.4600,344.2050
-491.4600,344.8200
-491.4600,344.7900
-491.4600,344.1000
-491.4600,343.4100
-491.4600,343.0200
-491.4600,342.8550
-491.4600,342.9000
-491.4600,343.0950
-491.4600,343.2750
-491.4600,343.4250
-491.4600,343.5600
-491.4600,343.4400
-491.4600,342.9900
-491.4600,342.6000
-491.4600,342.6300
-491.4600,342.9600
-491.4600,343.3800
-491.4600,343.6200
-491.4600,343.4100
-491.4600,342.9150
-491.4600,342.3450
-491.4600,341.7750
-491.4600,341.5200
-491.4600,341.7300
-491.4600,342.5850
-491.4600,343.8900
-491.4600,344.7900
-491.4600,344.5500
-491.4600,343.5600
-491.4600,342.6300
-491.4600,342.3900
-491.4600,343.1100
-491.4600,344.4000
-491.4600,345.4800
-491.4600,345.6000
-491.4600,344.4900
-491.4600,342.5700
-491.4600,341.1000
-491.4600,340.9500
-491.4600,341.7600
-491.4600,342.6900
-491.4600,343.7400
-491.4600,344.7150
-491.4600,344.8950
-491.4600,344.3100
-491.4600,343.3650
-491.4600,342.4200
-491.4600,341.9700
-491.4600,341.7000
-491.4600,341.8350
-491.4600,342.8100
-491.4600,343.8900
-491.4600,344.5050
-491.4600,344.6400
-491.4600,344.1000
-491.4600,343.2900
-491.4600,342.7800
-491.4600,342.6300
-491.4600,342.7500
-491.4600,343.0500
-491.4600,343.3800
-491.4600,343.6500
-491.4600,343.7700
-491.4600,343.7700
-491.4600,343.5000
-491.4600,343.0800
-491.4600,342.9000
-491.4600,342.8700
-491.4600,342.9900
-491.4600,343.1700
-491.4600,343.1850
-491.4600,342.9600
-491.4600,342.6750
-491.4600,342.3300
-491.4600,342.0000
-491.4600,341.8800
-491.4600,342.0000
-491.4600,342.4350
-491.4600,343.3200
-491.4600,344.4300
-491.4600,344.9100
-491.4600,344.2800
-491.4600,343.1700
-491.4600,342.2700
-491.4600,341.9550
-491.4600,342.4650
-491.4600,343.7100
-491.4600,345.0300
-491.4600,345.5700
-491.4600,344.8050
-491.4600,343.1550
-491.4600,341.5800
-491.4600,341.1300
-491.4600,341.9400
-491.4600,343.0200
-491.4600,343.7400
-491.4600,344.4900
-491.4600,344.8950
-491.4600,344.2800
-491.4600,343.2300
-491.4600,342.2400
-491.4600,341.6400
-491.4600,341.6400
-491.4600,341.9100
-491.4600,342.6000
-491.4600,343.6650
-491.4600,344.3700
-491.4600,344.5350
-491.4600,344.2350
-491.4600,343.5900
-491.4600,343.0200
-491.4600,342.7350
-491.4600,342.7800
-491.4600,343.0650
-491.4600,343.4100
-491.4600,343.7400
-491.4600,343.9500
-491.4600,343.8000
-491.4600,343.3350
-491.4600,342.7800
-491.4600,342.2250
-491.4600,342.0900
-491.4600,342.4350
-491.4600,343.0050
-491.4600,343.4400
-491.4600,343.5000
-491.4600,343.1700
-491.4600,342.6900
-491.4600,342.2400
-491.4600,341.9850
-491.4600,342.2100
-491.4600,343.0200
-491.4600,344.0550
-491.4600,344.4600
-491.4600,343.8900
-491.4600,342.8850
-491.4600,342.1350
-491.4600,342.1950
-491.4600,343.2150
-491.4600,344.7000
-491.4600,345.7500
-491.4600,345.6300
-491.4600,344.2500
-491.4600,342.3600
-491.4600,341.1600
-491.4600,341.4000
-491.4600,342.2250
-491.4600,343.0500
-491.4600,344.2200
-491.4600,345.0300
-491.4600,344.6100
-491.4600,343.6200
-491.4600,342.5250
-491.4600,341.7150
-491.4600,341.5650
-491.4600,341.6700
-491.4600,342.2700
-491.4600,343.4250
-491.4600,344.4600
-491.4600,345.0000
-491.4600,344.9100
-491.4600,344.1750
-491.4600,343.2450
-491.4600,342.6600
-491.4600,342.4800
-491.4600,342.6300
-491.4600,342.9300
-491.4600,343.3200
-491.4600,343.6500
-491.4600,343.6350
-491.4600,343.2900
-491.4600,342.7800
-491.4600,342.3750
-491.4600,342.3150
-491.4600,342.6600
-491.4600,343.1700
-491.4600,343.4400
-491.4600,343.2750
-491.4600,342.8100
-491.4600,342.2100
-491.4600,341.7900
-491.4600,341.9250
-491.4600,342.6600
-491.4600,343.5900
-491.4600,344.0400
-491.4600,343.7550
-491.4600,343.1550
-491.4600,342.6150
-491.4600,342.6300
-491.4600,343.4550
-491.4600,344.7300
-491.4600,345.5700
-491.4600,345.2400
-491.4600,343.8300
-491.4600,342.1800
-491.4600,341.0400
-491.4600,340.9500
-491.4600,342.0000
-491.4600,343.0800
-491.4600,343.7700
-491.4600,344.5200
-491.4600,344.7900
-491.4600,344.3250
-491.4600,343.4700
-491.4600,342.4800
-491.4600,341.8500
-491.4600,341.7900
-491.4600,341.8800
-491.4600,342.4800
-491.4600,343.4100
-491.4600,344.0400
-491.4600,344.2650
-491.4600,344.1450
-491.4600,343.7100
-491.4600,343.2900
-491.4600,343.1400
-491.4600,343.1400
-491.4600,343.2000
-491.4600,343.3500
-491.4600,343.4700
-491.4600,343.4400
-491.4600,343.3050
-491.4600,342.8850
-491.4600,342.3600
-491.4600,342.2850
-491.4600,342.5700
-491.4600,342.9600
-491.4600,343.3650
-491.4600,343.4250
-491.4600,342.9900
-491.4600,342.3900
-491.4600,341.9100
-491.4600,341.7000
-491.4600,342.1200
-491.4600,343.1550
-491.4600,344.1000
-491.4600,344.2500
-491.4600,343.7100
-491.4600,342.9600
-491.4600,342.3900
-491.4600,342.5550
-491.4600,343.5900
-491.4600,344.9100
-491.4600,345.6900
-491.4600,345.1350
-491.4600,343.4850
-491.4600,341.7600
-491.4600,340.7100
-491.4600,340.9800
-491.4600,342.3600
-491.4600,343.8300
-491.4600,344.5500
-491.4600,344.8500
-491.4600,344.7900
-491.4600,344.1000
-491.4600,343.0800
-491.4600,342.1500
-491.4600,341.7150
-491.4600,341.7900
-491.4600,341.9550
-491.4600,342.4500
-491.4600,343.3500
-491.4600,344.0100
-491.4600,344.2800
-491.4600,344.2500
-491.4600,343.8750
-491.4600,343.5000
-491.4600,343.3350
-491.4600,343.2750
-491.4600,343.2600
-491.4600,343.2900
-491.4600,343.3200
-491.4600,343.2750
-491.4600,343.1400
-491.4600,342.7800
-491.4600,342.3000
-491.4600,342.2400
-491.4600,342.5400
-491.4600,342.9300
-491.4600,343.3650
-491.4600,343.5450
-491.4600,343.1550
-491.4600,342.5400
-491.4600,342.0000
-491.4600,341.7450
-491.4600,342.2100
-491.4600,343.3200
-491.4600,344.1300
-491.4600,344.1600
-491.4600,343.5900
-491.4600,342.9750
-491.4600,342.6600
-491.4600,343.1100
-491.4600,344.3400
-491.4600,345.5400
-491.4600,345.8550
-491.4600,344.7300
-491.4600,342.6600
-491.4600,341.2350
-491.4600,340.9800
-491.4600,341.2500
-491.4600,342.3900
-491.4600,344.3250
-491.4600,345.5100
-491.4600,345.5100
-491.4600,344.6550
-491.4600,343.2000
-491.4600,341.9700
-491.4600,341.3400
-491.4600,341.1600
-491.4600,341.8050
-491.4600,343.0500
-491.4600,344.1300
-491.4600,344.8800
-491.4600,345.0300
-491.4600,344.4600
-491.4600,343.6350
-491.4600,343.0500
-491.4600,342.7950
-491.4600,342.8700
-491.4600,343.1100
-491.4600,343.3500
-491.4600,343.4250
-491.4600,343.3650
-491.4600,343.1400
-491.4600,342.6600
-491.4600,342.3300
-491.4600,342.5400
-491.4600,343.0500
-491.4600,343.6200
-491.4600,343.8750
-491.4600,343.6350
-491.4600,343.0200
-491.4600,342.2400
-491.4600,341.5800
-491.4600,341.3250
-491.4600,341.8350
-491.4600,343.0500
-491.4600,344.1900
-491.4600,344.5200
-491.4600,344.0250
-491.4600,343.1700
-491.4600,342.6750
-491.4600,343.0500
-491.4600,344.1750
-491.4600,345.3750
-491.4600,345.7500
-491.4600,344.8650
-491.4600,343.0500
-491.4600,341.3700
-491.4600,340.8150
-491.4600,341.3100
-491.4600,342.0900
-491.4600,343.1700
-491.4600,344.5500
-491.4600,345.2700
-491.4600,345.0000
-491.4600,344.1300
-491.4600,342.9300
-491.4600,342.0000
-491.4600,341.4900
-491.4600,341.4000
-491.4600,342.1800
-491.4600,343.4100
-491.4600,344.2800
-491.4600,344.6700
-491.4600,344.4000
-491.4600,343.6800
-491.4600,343.0800
-491.4600,342.8400
-491.4600,342.8700
-491.4600,343.0800
-491.4600,343.3500
-491.4600,343.5600
-491.4600,343.6500
-491.4600,343.5900
-491.4600,343.2900
-491.4600,342.8400
-491.4600,342.6000
-491.4600,342.7200
-491.4600,343.0800
-491.4600,343.5000
-491.4600,343.6200
-491.4600,343.2900
-491.4600,342.7800
-491.4600,342.1800
-491.4600,341.6100
-491.4600,341.4000
-491.4600,341.8500
-491.4600,342.9600
-491.4600,344.2650
-491.4600,344.9250
-491.4600,344.4600
-491.4600,343.3800
-491.4600,342.5400
-491.4600,342.3600
-491.4600,343.0800
-491.4600,344.4300
-491.4600,345.4800
-491.4600,345.4650
-491.4600,344.2650
-491.4600,342.3450
-491.4600,340.7700
-491.4600,340.6200
-491.4600,341.9100
-491.4600,343.2600
-491.4600,344.3550
-491.4600,345.3000
-491.4600,345.2100
-491.4600,344.2800
-491.4600,343.1550
-491.4600,342.0000
-491.4600,341.4300
-491.4600,341.4000
-491.4600,341.6700
-491.4600,342.6150
-491.4600,343.7100
-491.4600,344.3700
-491.4600,344.6400
-491.4600,344.3700
-491.4600,343.7100
-491.4600,343.1400
-491.4600,342.8700
-491.4600,342.8550
-491.4600,343.0350
-491.4600,343.2450
-491.4600,343.3950
-491.4600,343.4250
-491.4600,343.2600
-491.4600,342.9300
-491.4600,342.4800
-491.4600,342.3300
-491.4600,342.5700
-491.4600,342.9600
-491.4600,343.2750
-491.4600,343.2600
-491.4600,342.8400
-491.4600,342.2100
-491.4600,341.7000
-491.4600,341.7450
-491.4600,342.5550
-491.4600,343.6950
-491.4600,344.3100
-491.4600,344.0550
-491.4600,343.3800
-491.4600,342.7800
-491.4600,342.5100
-491.4600,343.0800
-491.4600,344.3400
-491.4600,345.3900
-491.4600,345.3900
-491.4600,344.1600
-491.4600,342.4350
-491.4600,341.1450
-491.4600,340.8900
-491.4600,341.7150
-491.4600,343.0350
-491.4600,343.9200
-491.4600,344.4600
-491.4600,344.9400
-491.4600,344.8200
-491.4600,343.9800
-491.4600,342.8850
-491.4600,341.9400
-491.4600,341.5800
-491.4600,341.5800
-491.4600,341.9400
-491.4600,342.8400
-491.4600,343.6500
-491.4600,344.0700
-491.4600,344.1900
-491.4600,344.0100
-491.4600,343.6950
-491.4600,343.4550
-491.4600,343.3350
-491.4600,343.2600
-491.4600,343.2000
-491.4600,343.1700
-491.4600,343.1700
-491.4600,343.1700
-491.4600,343.0500
-491.4600,342.8250
-491.4600,342.6300
-491.4600,342.7050
-491.4600,342.9900
-491.4600,343.3200
-491.4600,343.4550
-491.4600,343.2600
-491.4600,342.8700
-491.4600,342.3900
-491.4600,341.9400
-491.4600,341.7000
-491.4600,341.8500
-491.4600,342.5700
-491.4600,343.6800
-491.4600,344.4900
-491.4600,344.4900
-491.4600,343.7100
-491.4600,342.7200
-491.4600,342.1950
-491.4600,342.5100
-491.4600,343.6050
-491.4600,345.0300
-491.4600,345.7800
-491.4600,345.2100
-491.4600,343.5600
-491.4600,341.6400
-491.4600,340.6500
-491.4600,341.3550
-491.4600,342.7200
-491.4600,343.7850
-491.4600,344.7750
-491.4600,345.2400
-491.4600,344.5950
-491.4600,343.4850
-491.4600,342.3300
-491.4600,341.5500
-491.4600,341.4900
-491.4600,341.6400
-491.4600,342.2700
-491.4600,343.5150
-491.4600,344.4600
-491.4600,344.8650
-491.4600,344.7750
-491.4600,344.0700
-491.4600,343.2300
-491.4600,342.7500
-491.4600,342.6300
-491.4600,342.8100
-491.4600,343.0950
-491.4600,343.3500
-491.4600,343.4400
-491.4600,343.4700
-491.4600,343.4700
-491.4600,343.1700
-491.4600,342.7800
-491.4600,342.7350
-491.4600,342.9300
-491.4600,343.1700
-491.4600,343.4100
-491.4600,343.3200
-491.4600,342.9000
-491.4600,342.3750
-491.4600,341.8500
-491.4600,341.5800
-491.4600,341.7300
-491.4600,342.4950
-491.4600,343.6950
-491.4600,344.7000
-491.4600,344.7900
-491.4600,343.9200
-491.4600,342.7800
-491.4600,342.1200
-491.4600,342.3300
-491.4600,343.5150
-491.4600,345.0450
-491.4600,345.9150
-491.4600,345.4200
-491.4600,343.7100
-491.4600,341.6400
-491.4600,340.6350
-491.4600,341.3100
-491.4600,342.5700
-491.4600,343.8150
-491.4600,345.1500
-491.4600,345.5700
-491.4600,344.7300
-491.4600,343.4100
-491.4600,342.0000
-491.4600,341.1900
-491.4600,341.2200
-491.4600,341.6400
-491.4600,342.6300
-491.4600,343.8900
-491.4600,344.7000
-491.4600,345.0000
-491.4600,344.7300
-491.4600,343.8750
-491.4600,342.9900
-491.4600,342.5400
-491.4600,342.5100
-491.4600,342.7650
-491.4600,343.2150
-491.4600,343.6200
-491.4600,343.7700
-491.4600,343.8000
-491.4600,343.5900
-491.4600,343.0650
-491.4600,342.7050
-491.4600,342.6000
-491.4600,342.6900
-491.4600,343.1100
-491.4600,343.4700
-491.4600,343.3800
-491.4600,342.9600
-491.4600,342.4350
-491.4600,341.8500
-491.4600,341.5800
-491.4600,341.9400
-491.4600,342.9600
-491.4600,344.2200
-491.4600,344.9400
-491.4600,344.5800
-491.4600,343.4700
600,342.4950
-491.4-491.4600,342.2250
-491.4600,342.9300
-491.4600,344.3550
-491.4600,345.6000
-491.4600,345.7200
-491.4600,344.5650
-491.4600,342.7350
-491.4600,341.2800
-491.4600,341.0400
-.8200
491.4600,341-491.4600,342.9000
-491.4600,344.1300
-491.4600,345.2100
-491.4600,345.2400
-491.4600,344.3250
-491.4600,342.9900
-491.4600,341.7900
-491.4600,341.3250
-491.4600,341.3700
-491.4600,341.9250
-491.4600,343.2600
-491.4600,344.4600
-491.4600,345.0000
-491.4600,344.9400
-491.4600,344.2050
-491.4600,343.2450
-491.4600,342.6600
-491.4600,342.4950
-491.4600,342.6000
-491.4600,342.9300
-491.4600,343.3800
-491.4600,343.6800
-491.4600,343.7850
-491.4600,343.6200
-491.4600,342.9900
-491.4600,342.4500
-491.4600,342.4200
-491.4600,342.6300
-491.4600,343.0500
-491.4600,343.4250
-491.4600,343.2900
-491.4600,342.7800
-491.4600,342.2100
-491.4600,341.7300
-491.4600,341.7000
-491.4600,342.4950
-491.4600,343.6950
-491.4600,344.4600
-491.4600,344.4000
-491.4600,343.8000
-491.4600,343.0200
-491.4600,342.6450
-491.4600,343.1700
-491.4600,344.3400
-491.4600,345.4800
-491.4600,345.5850
-491.4600,344.3400
-491.4600,342.4200
-491.4600,341.0700
-491.4600,340.9950
-491.4600,341.6700
-491.4600,342.7650
-491.4600,344.3700
-491.4600,345.5100
-491.4600,345.4050
-491.4600,344.4300
-491.4600,343.0350
-491.4600,341.9850
-491.4600,341.5350
-491.4600,341.3550
-491.4600,341.8800
-491.4600,342.9900
-491.4600,343.9650
-491.4600,344.6700
-491.4600,344.8500
-491.4600,344.3250
-491.4600,343.5900
-491.4600,343.0500
-491.4600,342.8550
-491.4600,342.9600
-491.4600,343.2000
-491.4600,343.4100
-491.4600,343.5150
-491.4600,343.5000
-491.4600,343.3650
-491.4600,342.9600
-491.4600,342.5550
-491.4600,342.5700
-491.4600,342.9300
-491.4600,343.3500
-491.4600,343.6500
-491.4600,343.5600
-491.4600,343.0500
-491.4600,342.3600
-491.4600,341.7000
-491.4600,341.3250
-491.4600,341.6400
-491.4600,342.7500
-491.4600,344.1150
-491.4600,344.8200
-491.4600,344.5650
-491.4600,343.5600
-491.4600,342.5400
-491.4600,342.2100
-491.4600,342.7950
-491.4600,344.0850
-491.4600,345.3300
-491.4600,345.6000
-491.4600,344.5950
-491.4600,342.9450
-491.4600,341.3700
-491.4600,340.6350
-491.4600,341.2950
-491.4600,342.8700
-491.4600,344.1300
-491.4600,344.9400
-491.4600,345.4200
-491.4600,344.9250
-491.4600,343.7400
-491.4600,342.3900
-491.4600,341.4600
-491.4600,341.4000
-491.4600,341.7300
-491.4600,342.3900
-491.4600,343.4700
-491.4600,344.1300
-491.4600,344.3250
-491.4600,344.2500
-491.4600,343.8300
-491.4600,343.3500
-491.4600,343.1400
-491.4600,343.0950
-491.4600,343.1700
-491.4600,343.3500
-491.4600,343.5450
-491.4600,343.5900
-491.4600,343.5300
-491.4600,343.3200
-491.4600,342.8700
-491.4600,342.5400
-491.4600,342.6150
-491.4600,342.8700
-491.4600,343.1400
-491.4600,343.4250
-491.4600,343.3800
-491.4600,342.9900
-491.4600,342.5400
-491.4600,342.1200
-491.4600,341.8500
-491.4600,341.9400
-491.4600,342.5400
-491.4600,343.5300
-491.4600,344.4300
-491.4600,344.6250
-491.4600,343.8900
-491.4600,342.7950
-491.4600,342.0900
-491.4600,342.1650
-491.4600,343.0500
-491.4600,344.4900
-491.4600,345.5400
-491.4600,345.4800
-491.4600,344.3100
-491.4600,342.6000
-491.4600,341.1900
-491.4600,341.0700
-491.4600,342.2700
-491.4600,343.4700
-491.4600,344.4000
-491.4600,345.3000
-491.4600,345.1200
-491.4600,343.9200
-491.4600,342.6000
-491.4600,341.4000
-491.4600,341.0700
-491.4600,341.4300
-491.4600-49-491.460,342.1500
1.4600,343.4100
0,344.5200
-491.4600,344.8800
-491.4600,344.7600
-491.4600,344.1900
-491.4600,343.3800
-491.4600,342.8100
-491.4600,342.6300
-491.4600,342.7200
-491.4600,343.0500
-491.4600,343.4400
-491.4600,343.7100
-491.4600,343.8300
-491.4600,343.6200
-491.4600,343.0800
-491.4600,342.6150
-491.4600,342.4350
-491.4600,342.4800
-491.4600,342.8550
-491.4600,343.3500
-491.4600,343.5300
-491.4600,343.2750
-491.4600,342.8100
-491.4600,342.2400
-491.4600,341.7000
-491.4600,341.6400
-491.4600,342.3600
-491.4600,343.5300
-491.4600,344.4600
-491.4600,344.5350
-491.4600,343.7700
-491.4600,342.7650
-491.4600,342.1800
-491.4600,342.4800
-491.4600,343.6500
-491.4600,345.0900
-491.4600,345.8400
-491.4600,345.3000
-491.4600,343.6500
-491.4600,341.7600
-491.4600,340.8150
-491.4600,341.3250
-491.4600,342.3750
-491.4600,343.6200
-491.4600,344.9700
-491.4600,345.4500
-491.4600,344.8200
-491.4600,343.5300
-491.4600,342.0600
-491.4600,341.2200
-491.4600,341.1900
-491.4600,341.5800
-491.4600,342.6000
-491.4600,343.9350
-491.4600,344.7600
-491.4600,345.0600
-491.4600,344.7900
-491.4600,343.9500
-491.4600,343.0800
-491.4600,342.5850
-491.4600,342.4950
-491.4600,342.7200
-491.4600,343.0800
-491.4600,343.4400
-491.4600,343.6500
-491.4600,343.5300
-491.4600,343.0650
-491.4600,342.5550
-491.4600,342.3600
-491.4600,342.4800
-491.4600,342.8700
-491.4600,343.3650
-491.4600,343.5150
-491.4600,343.1400
-491.4600,342.5100
-491.4600,341.9250
-491.4600,341.7150
-491.4600,342.3000
-491.4600,343.4100
-491.4600,344.1600
-491.4600,344.1150
-491.4600,343.6200
-491.4600,342.9600
-491.4600,342.5250
-491.4600,342.8100
-491.4600,343.8000
-491.4600,344.9700
-491.4600,345.4350
-491.4600,344.6700
-491.4600,343.1550
-491.4600,341.8800
-491.4600,341.1600
-491.4600,341.3400
-491.4600,342.4650
-491.4600,343.6200
-491.4600,344.2500
-491.4600,344.7600
-491.4600,344.9550
-491.4600,344.4000
-491.4600,343.3800
-491.4600,342.3300
-491.4600,341.6100
-491.4600,341.5800
-491.4600,341.7750
-491.4600,342.3000
-491.4600,343.2300
-491.4600,343.8000
-491.4600,344.0700
-41900
-491.4691.4600,344.00,343.9950
-491.4600,343.7100
-491.4600,343.5450
-491.4600,343.4100
-491.4600,343.2600
-491.4600,343.2300
-491.4600,343.2900
-491.4600,343.2300
-491.4600,343.1700
-491.4600,343.0050
-491.4600,342.6600
-491.4600,342.5700
-491.4600,342.7800
-491.4600,342.9900
-491.4600,343.2600
-491.4600,343.5000
-491.4600,343.3200
-491.4600,342.9300
-491.4600,342.5700
-491.4600,342.1200
-491.460-40,341.8950
91.4600,342.1050
-491.4600,342.7200
-491.4600,343.6500
-491.4600,344.4000
-491.4600,344.3250
-491.4600,343.5000
-491.4600,342.6300
-491.4600,342.1800
-491.4600,342.4500
-491.4600,343.5000
-491.4600,344.9250
-491.4600,345.7950
-491.4600,345.5100
-491.4600,344.1000
-491.4600,342.3000
-491.4600,341.0700
-491.4600,341.1750
-491.4600,342.0900
-491.4600,343.3500
-491.4600,345.0000
-491.4600,345.8700
-491.4600,345.2250
-491.4600,343.8300
-491.4600,342.1350
-491.4600,340.8900
-491.4600,340.7700
-491.4600,341.2500
-491.4600,342.4800
-491.4600,344.0550
-491.4600,344.9550
-491.4600,345.2100
-491.4600,344.9100
-491.4600,344.0250
-491.4600,343.0800
-491.4600,342.5100
-491.4600,342.4200
-491.4600,342.6900
-491.4600,343.1850
-491.4600,343.6800
-491.4600,343.9200
-491.4600,343.6050
-491.4600,342.8550
-491.4600,342.2100
-491.4600,341.9400
-491.4600,342.2100
600,342.8700-491.4
-491.4600,343.5300
-491.4600,343.7550
-491.4600,343.4700
-491.4600,342.8100
-491.4600,342.0600
-491.4600,341.7000
-491.4600,342.1500
-491.4600,343.1550
-491.4600,343.9800
-491.4600,344.1450
-491.4600,343.7400
-491.4600,343.1400
-491.4600,342.7500
-491.4600,343.0350
-491.4600,344.0400
-491.4600,345.1500
-491.4600,345.4800
-491.4600,344.6400
-491.4600,343.0800
-491.4600,341.6400
-491.4600,341.0400
-491.4600,341.5800
-491.4600,342.7800
-491.4600,343.8000
-491.4600,344.6700
-491.4600,345.2850
-491.4600,345.0000
-491.4600,344.0100
-491.4600,342.8100
-491.4600,341.7600
-491.4600,341.3400
-491.4600,341.3700
-491.4600,341.9100
-491.4600,343.0200
-491.4600,343.9200
-491.4600,344.5050
-491.4600,344.7000
-491.4600,344.3550
-491.4600,343.7850
-491.4600,343.3950
-491.4600,343.2000
-491.4600,343.1850
-491.4600,343.2600
-491.4600,343.3500
-491.4600,343.3800
-491.4600,343.2900
-491.4600,342.9300
-491.4600,342.4350
-491.4600,342.2700
-491.4600,342.5100
-491.4600,342.9600
-491.4600,343.4850
-491.4600,343.8300
-491.4600,343.6500
-491.4600,343.0500-491.4600,3
42.3600
-491.4600,341.7600
-491.4600,341.6100
-491.4600,342.1500
-491.4600,343.2300
-491.4600,344.2200
-491.4600,344.4000
-491.4600,343.8000
-491.4600,342.9300
-491.4600,342.3450
-491.4600,342.6600
-491.4600,343.8000
-491.4600,345.1650
-491.4600,345.9300
-491.4600,345.3600
-491.4600,343.6950
-491.4600,341.7900
-491.4600,340.6200
-491.4600,340.9800
-491.4600,342.1500
-491.4600,343.5450
-491.4600,345.1650
-491.4600,345.9900
-491.4600,345.3300
-491.4600,343.9500
-491.4600,342.3600
-491.4600,341.2500
-491.4600,341.0400
-491.4600,341.3400
-491.4600,342.2400
-491.4600,343.5150
-491.4600,344.5200
-491.4600,345.0150
-491.4600,344.8800
-491.4600,344.1900
-491.4600,343.4400
-491.4600,342.9900
-491.4600,342.8100
-491.4600,342.9000
-491.4600,343.1400
-491.4600,343.4400
-491.4600,343.5900
-491.4600,343.4550
-491.4600,342.9600
-491.4600,342.3900
-491.4600,342.2700
-491.4600,342.5700
-491.4600,343.0350
-491.4600,343.5450
-491.4600,343.7700
-491.4600,343.4700
-491.4600,342.8250
-491.4600,342.1350
-491.4600,341.5800
-491.4600,341.6400
-491.4600,342.5100
-491.4600,343.6800
-491.4600,344.2950
-491.4600,344.1600
-491.4600,343.6200
-491.4600,342.9300
-491.4600,342.7200
-491.4600,343.4100
-491.4600,344.5500
-491.4600,345.5100
-491.4600,345.4350
-491.4600,344.1450
-491.4600,342.4800
-491.4600,341.1300
-491.4600,340.7100
-491.4600,341.6100
-491.4600,342.9900
-491.4600,344.1900
-491.4600,345.3300
-491.4600,345.7350
-491.4600,344.9850
-491.4600,343.6050
-491.4600,342.1500
-491.4600,341.2500
-491.4600,341.0550
-491.4600,341.4000
-491.4600,342.4500
-491.4600,343.6200
-491.4600,344.2800
-491.4600,344.5800
-491.4600,344.4150
-491.4600,343.9200
-491.4600,343.5000
-491.4600,343.2750
-491.4600,343.2000
-491.4600,343.2300
-491.4600,343.3200
-491.4600,343.4100
-491.4600,343.3650
-491.4600,343.2600
-491.4600,342.9750
-491.4600,342.5250
-491.4600,342.4800
-491.4600,342.7950
-491.4600,343.0800
-491.4600,343.4550
-491.4600,343.7100
-491.4600,343.4250
-491.4600,342.8850
-491.4600,342.3000
-491.4600,341.7000
-491.4600,341.4900
-491.4600,342.0600
-491.4600,343.1700
-491.4600,344.2500
-491.4600,344.6700
-491.4600,344.1750
-491.4600,343.2000
-491.4600,342.4950
-491.4600,342.4800
-491.4600,343.2300
-491.4600,344.5200
-491.4600,345.4800
-491.4600,345.3000
-491.4600,344.1750
-491.4600,342.6900
-491.4600,341.3700
-491.4600,340.9800
-491.4600,341.9400
-491.4600,343.2300
-491.4600,344.4300
-491.4600,345.6000
-491.4600,345.7500
-491.4600,344.7600
-491.4600,343.2900
-491.4600,341.7000
-491.4600,340.8600
-491.4600,340.9650
-491.4600,341.5950
-491.4600,342.9300
-491.4600,344.2500
-491.4600,344.8500
-491.4600,345.0000
-491.4600,344.6400
-491.4600,343.8300
-491.4600,343.1700
-491.4600,342.8400
-491.4600,342.7950
-491.4600,343.0200
-491.4600,343.3650
-491.4600,343.5900
-491.4600,343.6950
-491.4600,343.5000
-491.4600,342.8850
-491.4600,342.3000
-491.4600,342.2550
-491.4600,342.5550
-491.4600,343.0800
-491.4600,343.6650
-491.4600,343.7550
-491.4600,343.3200
-491.4600,342.6600
-491.4600,341.9700
-491.4600,341.5200
-491.4600,341.9100
-491.4600,343.0800
-491.4600,344.1900
-491.4600,344.5200
-491.4600,344.1000
-491.4600,343.3500
-491.4600,342.6600
-491.4600,342.6300
-491.4600,343.4400
-491.4600,344.6700
-491.4600,345.5100
-491.4600,345.1800
-491.4600,343.8000
-491.4600,342.3000
-491.4600,341.2500
-491.4600,341.1900
-491.4600,342.3000
-491.4600,343.4850
-491.4600,344.4300
-491.4600,345.3000
-491.4600,345.4500
-491.4600,344.6100
-491.4600,343.3350
-491.4600,342.0000
-491.4600,341.2200
-491.4600,341.1300
-491.4600,341.5800
-491.4600,342.6300
-491.4600,343.7700
-491.4600,344.4900
-491.4600,344.7600
-491.4600,344.5800
-491.4600,344.0400
-491.4600,343.5000
-491.4600,343.1700
-491.4600,343.0200
-491.4600,343.0350
-491.4600,343.1700
-491.4600,343.3200
-491.4600,343.3950
-491.4600,343.3500
-491.4600,342.9900
-491.4600,342.5700
-491.4600,342.4950
-491.4600,342.6900
-491.4600,343.0500
-491.4600,343.5300
-491.4600,343.6800
-491.4600,343.2900
-491.4600,342.6900
-491.4600,342.1200
-491.4600,341.6550
-491.4600,341.7750
-491.4600,342.6450
-491.4600,343.78504.4450
-491.4600,34
-491.4600,344.3250
-491.4600,343.5600
-491.4600,342.6600
-491.4600,342.3000
-491.4600,342.8100
-491.4600,343.9500
-491.4600,345.2100
-491.4600,345.5550
-491.4600,344.6850
-491.4600,343.2600
-491.4600,341.8800
-491.4600,341.1000
-491.4600,341.4000
-491.4600,342.6150
-491.4600,343.8000
-491.4600,344.8350
-491.4600,345.5700
-491.4600,345.2100
-491.4600,344.0100
-491.4600,342.5400
-491.4600,341.3400
-491.4600,340.9800
-491.4600,341.2500
-491.4600,342.0600
-491.4600,343.3800
-491.4600,344.4300
-491.4600,344.8200
-491.4600,344.7150
-491.4600,344.1900
-491.4600,343.5000
-491.4600,343.1100
-491.4600,342.9450
-491.4600,342.9000
-491.4600,343.0950
-491.4600,343.3500
-491.4600,343.4400
-491.4600,343.3500
-491.4600,343.0050
-491.4600,342.4800
-491.4600,342.2700
-491.4600,342.4800
-491.4600,342.8100
-491.4600,343.2000
-491.4600,343.4400
-491.4600,343.2600
-491.4600,342.8100
-491.4600,342.3000
-491.4600,341.8950
-491.4600,342.0900
-491.4600,342.9600
-491.4600,343.8150
-491.4600,344.0250
-491.4600,343.6200
-491.4600,343.0500
-491.4600,342.6000
-491.4600,342.7500
-491.4600,343.6200
-491.4600,344.8200
-491.4600,345.4200
-491.4600,344.9250
-491.4600,343.5300
-491.4600,342.0000
-491.4600,341.0400
-491.4600,341.0400
-491.4600,342.2250
-491.4600,343.8900
-491.4600,344.7600
-491.4600,344.9100
-491.4600,344.8950
-491.4600,344.2800
-491.4600,343.3200
-491.4600,342.4200
-491.4600,341.7000
-491.4600,341.5950
-491.4600,341.8500
-491.4600,342.2700
-491.4600,343.0500
-491.4600,343.7400
-491.4600,344.1300
-491.4600,344.3100
-491.4600,344.2050
-491.4600,343.9200
-491.4600,343.6800
-491.4600,343.4400
-491.4600,343.2300
-491.4600,343.0200
-491.4600,342.8400
-491.4600,342.6300
-491.4600,342.4950
-491.4600,342.5100
-491.4600,342.5400
-491.4600,342.6150
-491.4600,342.8700
-491.4600,343.0200
-491.4600,343.0500
-491.4600,343.0500
-491.4600,342.8400
-491.4600,342.5400
-491.4600,342.6300
-491.4600,343.1700
-491.4600,343.7250
-491.4600,343.7850
-491.4600,343.2900
-491.4600,342.6600
-491.4600,342.2700
-491.4600,342.4500
-491.4600,343.3200
-491.4600,344.4600
-491.4600,345.3600
-491.4600,345.3600
-491.4600,344.3100
-491.4600,342.9150
-491.4600,341.7600
-491.4600,341.1000
-491.4600,341.4900
-491.4600,342.8100
-491.4600,343.8900
-491.4600,344.5200
-491.4600,345.1500
-491.4600,345.1350
-491.4600,344.3100
-491.4600,343.2600
-491.4600,342.0300
-491.4600,341.3400
-491.4600,341.3700
-491.4600,341.6550
-491.4600,342.4800
-491.4600,343.3200
-491.4600,343.7700
-491.4600,344.0700
-491.4600,344.2800
-491.4600,344.2200
-491.4600,344.1000
-491.4600,343.9500
-491.4600,343.7250
-491.4600,343.5000
-491.4600,343.1400
-491.4600,342.6750
-491.4600,342.2100
-491.4600,341.9100
-491.4600,341.8200
-491.4600,342.0000
-491.4600,342.4500
-491.4600,343.0200
-491.4600,343.4700
-491.4600,343.7100
-491.4600,343.5300
-491.4600,342.9900
-491.4600,342.6300
-491.4600,342.7650
-491.4600,343.3200
-491.4600,343.6200
-491.4600,343.2600
-491.4600,342.6000
-491.4600,342.0900
-491.4600,342.0750
-491.4600,342.7650
-491.4600,343.9650
-491.4600,345.1800
-491.4600,345.6900
-491.4600,345.0300
-491.4600,343.5750
-491.4600,342.2100
-491.4600,341.4600
-491.4600,341.4000
-491.4600,342.0000
-491.4600,343.1700
-491.4600,344.0100
-491.4600,344.2200
-491.4600,344.5200
-491.4600,344.6250
-491.4600,344.0550
-491.4600,343.1550
-491.4600,342.2400
-491.4600,341.7150
-491.4600,341.7600
-491.4600,341.9250
-491.4600,342.4200
-491.4600,343.0500
-491.4600,343.4100
-491.4600,343.8000
-491.4600,344.1750
-491.4600,344.3250
-491.4600,344.3700
-491.4600,344.2200
-491.4600,343.8750
-491.4600,343.5300
-491.4600,343.2000
-491.4600,342.8700
-491.4600,342.6000
-491.4600,342.4500
-491.4600,342.5100
-491.4600,342.7500
-491.4600,343.1400
-491.4600,343.5900
-491.4600,343.8600
-491.4600,343.9200
-491.4600,343.7550
-491.4600,343.4100
-491.4600,343.0200
-491.4600,342.7050
-491.4600,342.3900
-491.4600,342.0900
-491.4600,341.8500
-491.4600,341.7300
-491.4600,341.9550
-491.4600,342.8100
-491.4600,344.0100
-491.4600,344.6550
-491.4600,344.4000
-491.4600,343.6500
-491.4600,342.8700
-491.4600,342.4500
-491.4600,342.6600
-491.4600,343.5000
-491.4600,344.5200
-491.4600,345.0000
-491.4600,344.5200
-491.4600,343.4850
-491.4600,342.6150
-491.4600,342.1950
-491.4600,342.1800
-491.4600,342.6150
-491.4600,343.2900
-491.4600,343.6500
-491.4600,344.0550
-491.4600,344.4600
-491.4600,344.2350
-491.4600,343.5300
-491.4600,342.6750
-491.4600,342.0150
-491.4600,342.1200
-491.4600,342.4800
-491.4600,342.9750
-491.4600,343.7400
-491.4600,343.9800
-491.4600,343.7400
-491.4600,343.5600
-491.4600,343.2600
-491.4600,343.0200
-491.4600,343.1100
-491.4600,343.3200
-491.4600,343.5450
-491.4600,343.8900
-491.4600,344.1300
-491.4600,344.1000
-491.4600,343.8900
-491.4600,343.3650
-491.4600,342.6600
-491.4600,342.2700
-491.4600,342.2100
-491.4600,342.3450
-491.4600,342.7200
-491.4600,343.1400
-491.4600,343.3200
-491.4600,343.3050
-491.4600,343.1250
-491.4600,342.7500
-491.4600,342.3900
-491.4600,342.3750
-491.4600,342.8400
-491.4600,343.6650
-491.4600,344.3100
-491.4600,344.1600
-491.4600,343.2600
-491.4600,342.3450
-491.4600,341.9100
-491.4600,342.2700
-491.4600,343.4100
-491.4600,344.8650
-491.4600,345.6900
-491.4600,345.3900
-491.4600,344.1900
-491.4600,342.7800
-491.4600,341.7450
-491.4600,341.5950
-491.4600,342.4950
-491.4600,343.5600
-491.4600,344.0700
-491.4600,344.4150
-491.4600,344.4000
-491.4600,343.6500
-491.4600,342.7800
-491.4600,342.0000
-491.4600,341.7000
-491.4600,342.0300
-491.4600,342.4800
-491.4600,343.2600
-491.4600,344.0850
-491.4600,344.3700
-491.4600,344.3100
-491.4600,343.9500
-491.4600,343.3200
-491.4600,342.9150
-491.4600,342.8250
-491.4600,342.9300
-491.4600,343.2000
-491.4600,343.5450
-491.4600,343.8600
-491.4600,343.9050
-491.4600,343.5300
-491.4600,342.9000
-491.4600,342.3150
-491.4600,342.0000
-491.4600,342.1200
-491.4600,342.6900
-491.4600,343.3200
-491.4600,343.6200
-491.4600,343.4850
-491.4600,343.0200
-491.4600,342.3300
-491.4600,341.8500
-491.4600,342.0900
-491.4600,342.9300
-491.4600,343.8600
-491.4600,344.2050
-491.4600,343.7100
-491.4600,343.0200
-491.4600,342.5250
-491.4600,342.6000
-491.4600,343.5900
-491.4600,345.0300
-491.4600,345.9300
-491.4600,345.6300
-491.4600,344.1750
-491.4600,342.1950
-491.4600,340.7400
-491.4600,340.7400
-491.4600,341.9100
-491.4600,343.3050
-491.4600,344.8200
-491.4600,345.8100
-491.4600,345.4200
-491.4600,344.2200
-491.4600,342.6900
-491.4600,341.4900
-491.4600,341.1750
-491.4600,341.2950
-491.4600,341.9850
-491.4600,343.2150
-491.4600,344.1900
-491.4600,344.7000
-491.4600,344.7600
-491.4600,344.2500
-491.4600,343.5450
-491.4600,343.0500
-491.4600,342.8400
-491.4600,342.9600
-491.4600,343.2750
-491.4600,343.5600
-491.4600,343.6500
-491.4600,343.4700
-491.4600,342.8700
-491.4600,342.2400
-491.4600,341.9400
-491.4600,342.0300
-491.4600,342.5250
-491.4600,343.2600
-491.4600,343.7400
-491.4600,343.6800
-491.4600,343.1700
-491.4600,342.4350
-491.4600,341.8500
-491.4600,342.0000
-491.4600,342.8100
-491.4600,343.7100
-491.4600,344.0400
-491.4600,343.7100
-491.4600,343.1100
-491.4600,342.6300
-491.4600,342.6600
-491.4600,343.4700
-491.4600,344.6100
-491.4600,345.3600
-491.4600,345.1200
-491.4600,344.0400
-491.4600,342.7950
-491.4600,341.8050
-491.4600,341.2650
-491.4600,341.6100
-491.4600,342.6000
-491.4600,343.6800
-491.4600,344.9100
-491.4600,345.8250
-491.4600,345.4500
-491.4600,344.1300
-491.4600,342.5700
-491.4600,341.3250
-491.4600,340.9200
-491.4600,341.1900
-491.4600,342.1200
-491.4600,343.3350
-491.4600,344.0700
-491.4600,344.3550
-491.4600,344.4000
-491.4600,344.1600
-491.4600,343.8750
-491.4600,343.6650
-491.4600,343.5000
-491.4600,343.4100
-491.4600,343.3650
-491.4600,343.3650
-491.4600,343.3500
-491.4600,343.1700
-491.4600,342.7200
-491.4600,342.2400
-491.4600,342.1500
-491.4600,342.4500
-491.4600,342.9900
-491.4600,343.5900
-491.4600,344.0100
-491.4600,343.8450
-491.4600,343.2900
-491.4600,342.6150
-491.4600,341.8500
-491.4600,341.4900
-491.4600,341.9700
-491.4600,342.9900
-491.4600,344.0100
-491.4600,344.4600
-491.4600,344.0550
-491.4600,343.2900
-491.4600,342.6900
-491.4600,342.6600
-491.4600,343.3200
-491.4600,344.4750
-491.4600,345.3300
-491.4600,345.1500
-491.4600,344.0700
-491.4600,342.7350
-491.4600,341.6400
-491.4600,341.3100
-491.4600,342.0300
-491.4600,343.3500
-491.4600,344.3100
-491.4600,344.9400
-491.4600,345.3150
-491.4600,344.7900
-491.4600,343.7400
-491.4600,342.4500
-491.4600,341.3700
-491.4600,341.2200
-491.4600,341.6100
-491.4600,342.3150
-491.4600,343.5000
-491.4600,344.3100
-491.4600,344.5200
-491.4600,344.5200
-491.4600,344.1600
-491.4600,343.6500
-491.4600,343.3350
-491.4600,343.1700
-491.4600,343.1550
-491.4600,343.2900
-491.4600,343.4100
-491.4600,343.5000
-491.4600,343.3200
-491.4600,342.8550
-491.4600,342.4350
-491.4600,342.2550
-491.4600,342.3600
-491.4600,342.8400
-491.4600,343.4550
-491.4600,343.7700
-491.4600,343.5600
-491.4600,342.9600
-491.4600,342.2400
-491.4600,341.9100
-491.4600,342.3000
-491.4600,343.2300
-491.4600,344.0100
-491.4600,344.1300
-491.4600,343.6800
-491.4600,343.1100
-491.4600,342.7800
-491.4600,342.9900
-491.4600,343.8300
-491.4600,344.8800
-491.4600,345.3600
-491.4600,344.7600
-491.4600,343.4400
-491.4600,342.0900
-491.4600,341.2950
-491.4600,341.3400
-491.4600,342.3600
-491.4600,343.6350
-491.4600,344.6850
-491.4600,345.6000
-491.4600,345.7500
-491.4600,344.8500
-491.4600,343.3500
-491.4600,341.7900
-491.4600,340.9500
-491.4600,340.9650
-491.4600,341.4900
-491.4600,342.5700
-491.4600,343.7100
-491.4600,344.3250
-491.4600,344.7000
-491.4600,344.7300
-491.4600,344.3400
-491.4600,343.9200
-491.4600,343.5600
-491.4600,343.3200
-491.4600,343.2450
-491.4600,343.2300
-491.4600,343.2000
-491.4600,343.2300
-491.4600,343.0650
-491.4600,342.6900
-491.4600,342.4500
-491.4600,342.4350
-491.4600,342.6600
-491.4600,343.1400
-491.4600,343.6800
-491.4600,343.9500
-491.4600,343.6800
-491.4600,343.1400
-491.4600,342.4800
-491.4600,341.8200
-491.4600,341.6400
-491.4600,342.1500
-491.4600,343.1700
-491.4600,344.0700
-491.4600,344.3400
-491.4600,343.8300
-491.4600,343.0500
-491.4600,342.5700
-491.4600,342.8100
-491.4600,343.7700
-491.4600,345.0600
-491.4600,345.7500
-491.4600,345.3000
-491.4600,343.9800
-491.4600,342.3000
-491.4600,340.9350
-491.4600,340.8450
-491.4600,341.7900
-491.4600,343.38-491.4600,345.2700
00
-491.4600,346.2000
-491.4600,345.6000
-491.4600,344.1300
-491.4600,342.3000
-491.4600,340.9200
-491.4600,340.6500
-491.4600,341.1600
-491.4600,342.3600
-491.4600,343.8600
-491.4600,344.9100
-491.4600,345.3600
-491.4600,345.1650
-491.4600,344.3400
-491.4600,343.4400
-491.4600,342.8700
-491.4600,342.6600
-491.4600,342.7500
-491.4600,343.0800
-491.4600,343.5000
-491.4600,343.7700
-491.4600,343.6200
-491.4600,343.1700
-491.4600,342.7800
-491.4600,342.5700
-491.4600,342.6750
-491.4600,343.0800
-491.4600,343.6050
-491.4600,343.9350
-491.4600,343.7550
-491.4600,343.2300
-491.4600,342.4800
-491.4600,341.6550
-491.4600,341.1900
-491.4600,341.4600
-491.4600,342.5400
-491.4600,344.0100
-491.4600,344.9550
-491.4600,344.7900
-491.4600,343.9500
-491.4600,343.0050
-491.4600,342.5100
-491.4600,342.8400
-491.4600,343.9950
-491.4600,345.2700
-491.4600,345.7650
-491.4600,345.0450
-491.4600,343.3800
-491.4600,341.5200
-491.4600,340.6500
-491.4600,341.3550
-491.4600,342.7500
-491.4600,344.3100
-491.4600,345.8700
-491.4600,346.1550
-491.4600,345.1200
-491.4600,343.4550
-491.4600,341.6700
-491.4600,340.8000
-491.4600,340.8900
-491.4600,341.5200
-491.4600,342.9300
-491.4600,344.2500
-491.4600,344.9400
-491.4600,345.2250
-491.4600,344.8500
-491.4600,343.9350
-491.4600,343.1400
-491.4600,342.7050
-491.4600,342.6600
-491.4600,342.9600
-491.4600,343.3800
-491.4600,343.7250
-491.4600,343.7700
-491.4600,343.4250
-491.4600,342.9000
-491.4600,342.4800
-491.4600,342.3150
-491.4600,342.5700
-491.4600,343.1700
-491.4600,343.7550
-491.4600,343.9050
-491.4600,343.5600
-491.4600,342.8250
-491.4600,341.9400
-491.4600,341.4000
-491.4600,341.6100
-491.4600,342.6000
-491.4600,343.9800
-491.4600,344.8500
-491.4600,344.5950
-491.4600,343.7700
-491.4600,342.8400
-491.4600,342.4050
-491.4600,342.9300
-491.4600,344.2050
-491.4600,345.3900
-491.4600,345.6150
-491.4600,344.6400
-491.4600,343.0350
-491.4600,341.5650
-491.4600,340.9800
-491.4600,341.7300
-491.4600,343.1100
-491.4600,344.3100
-491.4600,345.3000
-491.4600,345.6600
-491.4600,344.9250
-491.4600,343.4700
-491.4600,341.9400
-491.4600,341.1150
-491.4600,341.1150
-491.4600,341.5200
-491.4600,342.6300
-491.4600,343.9800
-491.4600,344.7300
-491.4600,345.0000
-491.4600,344.7450
-491.4600,343.9500
-491.4600,343.2300
-491.4600,342.8550
-491.4600,342.7950
-491.4600,342.9900
-491.4600,343.2750
-491.4600,343.5000
-491.4600,343.5900
-491.4600,343.4400
-491.4600,343.0650
-491.4600,342.7650
-491.4600,342.6000
-491.4600,342.6750
-491.4600,342.9900
-491.4600,343.4700
-491.4600,343.6800
-491.4600,343.5000
-491.4600,343.0200
-491.4600,342.3150
-491.4600,341.6100
-491.4600,341.3550
-491.4600,341.8050
-491.4600,342.9300
-491.4600,344.2800
-491.4600,344.9400
-491.4600,344.5200
-491.4600,343.5300
-491.4600,342.6000
-491.4600,342.2700
-491.4600,342.9150
-491.4600,344.2500
-491.4600,345.3600
-491.4600,345.4800
-491.4600,344.5050
-491.4600,342.9900
-491.4600,341.6100
-491.4600,341.0550
-491.4600,341.7750
-491.4600,343.1100
-491.4600,344.3250
-491.4600,345.3750
-491.4600,345.5850
-491.4600,344.7450
-491.4600,343.3800
-491.4600,341.8800
-491.4600,340.9800
-491.4600,341.0400
-491.4600,341.6700
-491.4600,342.8550
-491.4600,344.1300
-491.4600,344.7600
-491.4600,344.8500
-491.4600,344.5050
-491.4600,343.8000
-491.4600,343.1400
-491.4600,342.8400
-491.4600,342.8100
-491.4600,343.0200
-491.4600,343.3500
-491.4600,343.5600
-491.4600,343.4400
-491.4600,342.9300
-491.4600,342.4200
-491.4600,342.1650
-491.4600,342.1800
-491.4600,342.4800
-491.4600,342.9300
-491.4600,343.2000
-491.4600,343.1100
-491.4600,342.8400
-491.4600,34-491.42.8100
600,343.0650
-491.4600,343.4700
-491.4600,343.5900
-491.4600,343.2300
-491.4600,342.8700
-491.4600,342.7500
-491.4600,342.9600
-491.4600,343.6500
-491.4600,344.5950
-491.4600,345.1500
-491.4600,344.8800
-491.4600,343.8900
-491.4600,342.6300
-491.4600,341.7750
-491.4600,341.4900
-491.4600,341.7150
-491.4600,342.6900
-491.4600,343.9200
-491.4600,344.5050
-491.4600,344.7900
-491.4600,344.9700
-491.4600,344.5800
-491.4600,343.7100
-491.4600,342.6300
-491.4600,341.7600
-491.4600,341.5650
-491.4600,341.6250
-491.4600,342.0000
-491.4600,342.7200
-491.4600,343.2450
-491.4600,343.7100
-491.4600,344.2200
-491.4600,344.5200
-491.4600,344.5800
-491.4600,344.4900
-491.4600,344.1900
-491.4600,343.8000
-491.4600,343.4400
-491.4600,343.1400
-491.4600,342.8100
-491.4600,342.5250
-491.4600,342.5100
-491.4600,342.5700
-491.4600,342.8100
-491.4600,343.3500
-491.4600,343.8450
-491.4600,344.1300
-491.4600,344.2950
-491.4600,344.0850
-491.4600,343.5300
-491.4600,342.9600
-491.4600,342.5400
-491.4600,342.3300
-491.4600,342.3300
-491.4600,342.3900
-491.4600,342.3900
-491.4600,342.3900
-491.4600,342.6300
-491.4600,343.1700
-491.4600,343.8900
-491.4600,344.3850
-491.4600,344.1900
-491.4600,343.5000
-491.4600,342.8850
-491.4600,342.6900
-491.4600,343.1850
-491.4600,344.3400
-491.4600,345.5250
-491.4600,345.9000
-491.4600,345.0600
-491.4600,343.-491.4603350
0,341.8950
-491.4600,341.6100
-491.4600,342.0000
-491.4600,342.6450
-491.4600,343.6800
-491.4600,344.4450
-491.4600,344.2800
-491.4600,343.5900
-491.4600,342.7950
-491.4600,342.3900
91.4600,342.5400
-4-491.4600,342.7200
-491.4600,343.2600
-491.4600,344.1000
-491.4600,344.6100
-491.4600,344.6850
-491.4600,344.2800
-491.4600,343.3950
-491.4600,342.4800
-491.4600,342.1050
-491.4600,342.2700
-491.4600,342.8100
-491.4600,343.5900
-491.4600,344.2350
-491.4600,344.3850
-491.4600,344.2500
-491.4600,343.9500
-491.4600,343.2300
-491.4600,342.5700
-491.4600,342.4200
-491.4600,342.5700
-491.4600,342.8700
-491.4600,343.1850
-491.4600,343.2000
-491.4600,342.9300
-491.4600,342.5700
-491.4600,342.2100
-491.4600,342.0000
-491.4600,342.3300
-491.4600,343.2600
-491.4600,344.3700
-491.4600,344.9100
-491.4600,344.5050
-491.4600,343.4400
-491.4600,342.3600
-491.4600,342.0000
-491.4600,342.6150
-491.4600,344.0400
-491.4600,345.5700
-491.4600,346.2450
-491.4600,345.5700
-491.4600,343.7700
-491.4600,341.6550
-491.4600,340.5000
-491.4600,340.7700
-491.4600,342.4500
-491.4600,344.8800
-491.4600,346.2300
-491.4600,345.9600
-491.4600,344.4600
-491.4600,342.3750
-491.4600,340.9200
-491.4600,340.5300
-491.4600,341.1000
-491.4600,342.6300
-491.4600,344.2800
-491.4600,345.2400
-491.4600,345.4800
-491.4600,345.0150
-491.4600,343.9800
-491.4600,343.0050
-491.4600,342.4200
-491.4600,342.3300
-491.4600,342.7200
-491.4600,343.4100
-491.4600,344.1000
-491.4600,344.2200
-491.4600,343.7850
-491.4600,343.2300
-491.4600,342.6150
-491.4600,342.3600
-491.4600,342.7200
-491.4600,343.2450
-491.4600,343.6800
-491.4600,343.9650
-491.4600,343.9200
-491.4600,343.5450
-491.4600,342.9150
-491.4600,342.1800
-491.4600,341.5500
-491.4600,341.3100
-491.4600,341.8050
-491.4600,342.9600
-491.4600,344.2500
-491.4600,344.9700
-491.4600,344.6100
-491.4600,343.5900
-491.4600,342.7200
-491.4600,342.4500
-491.4600,343.1700
-491.4600,344.7900
-491.4600,346.3200
-491.4600,346.6800
-491.4600,345.2550
-491.4600,342.7200
-491.4600,340.6500
-491.4600,339.8550
-491.4600,340.9800
-491.4600,343.5300
-491.4600,345.4500
-491.4600,345.9900
-491.4600,345.1800
-491.4600,343.3800
-491.4600,341.8650
-491.4600,341.0700
-491.4600,341.1900
-491.4600,342.2850
-491.4600,343.6950
-491.4600,344.8800
-491.4600,345.6150
-491.4600,345.5400
-491.4600,344.6100
-491.4600,343.3350
-491.4600,342.2400
-491.4600,341.7150
-491.4600,341.9100
-491.4600,342.6750
-491.4600,343.6500
-491.4600,344.2500
-491.4600,344.1900
-491.4600,343.7850
-491.4600,343.3500
-491.4600,342.9900
-491.4600,342.9600
-491.4600,343.1850
-491.4600,343.4400
-491.4600,343.5750
-491.4600,343.5150
-491.4600,343.2300
-491.4600,342.6450
-491.4600,341.9700
-491.4600,341.4600
-491.4600,341.2350
-491.4600,341.6700
-491.4600,342.9600
-491.4600,344.5350
-491.4600,345.4800
-491.4600,345.3000
-491.4600,344.2200
-491.4600,343.0050
-491.4600,342.3300
-491.4600,342.6450
-491.4600,343.9500
-491.4600,345.6900
-491.4600,346.5600
-491.4600,345.6600
-491.4600,343.1400
-491.4600,340.4250
-491.4600,339.4200
-491.4600,340.9200
-491.4600,343.7550
-491.4600,346.1100
-491.4600,346.9500
-491.4600,345.7500
-491.4600,343.4400
-491.4600,341.4600
-491.4600,340.3800
-491.4600,340.5000
-491.4600,341.8200
-491.4600,343.5900
-491.4600,345.0150
-491.4600,345.7200
-491.4600,345.5850
-491.4600,344.7000
-491.4600,343.5450
-491.4600,342.5100
-491.4600,341.9700
-491.4600,342.0900
-491.4600,342.8700
-491.4600,343.8450
-491.4600,344.3850
-491.4600,344.1000
-491.4600,343.3500
-491.4600,342.7200
-491.4600,342.3750
-491.4600,342.5550
-491.4600,343.0800
-491.4600,343.6500
-491.4600,343.9350
-491.4600,343.9050
-491.4600,343.5600
-491.4600,342.7950
-491.4600,341.8950
-491.4600,341.2050
-491.4600,341.0100
-491.4600,341.7900
-491.4600,343.3800
-491.4600,344.8650
-491.4600,345.4050
-491.4600,344.8350
-491.4600,343.7100
-491.4600,342.6600
-491.4600,342.2850
-491.4600,343.0200
-491.4600,344.5050
-491.4600,345.9300
-491.4600,346.3200
-491.4600,345.1500
-491.4600,342.9000
-491.4600,340.7550
-491.4600,339.8400
-491.4600,340.9500
-491.4600,343.5150
-491.4600,345.8100
-491.4600,346.6800
-491.4600,345.8550
-491.4600,343.7400
-491.4600,341.7000
-491.4600,340.6200
-491.4600,340.5300
-491.4600,341.7000
-491.4600,343.5300
-491.4600,344.9700
-491.4600,345.7200
-491.4600,345.6150
-491.4600,344.7000
-491.4600,343.5300
-491.4600,342.5850
-491.4600,342.0600
-491.4600,342.1200
-491.4600,342.7950
-491.4600,343.7400
-491.4600,344.4000
-491.4600,344.3550
-491.4600,343.7100
-491.4600,343.0350
-491.4600,342.6300
-491.4600,342.7800
-491.4600,343.3200
-491.4600,343.8300
-491.4600,343.9800
-491.4600,343.8750
-491.4600,343.5000
-491.4600,342.8700
-491.4600,342.1950
-491.4600-491.4600,341.3700
-491.460,341.6550
0,341.5800
-491.4600,342.3150
-491.4600,343.4700
-491.4600,344.6850
-491.4600,345.3900
-491.4600,345.0300
-491.4600,343.9050
-491.4600,342.6600
-491.4600,341.8950
-491.4600,342.1200
-491.4600,343.4400
-491.4600,345.1500
-491.4600,346.1100
-491.4600,345.6600
-491.4600,344.0700
-491.4600,342.2550
-491.4600,341.1000
-491.4600,341.2200
-491.4600,342.2700
-491.4600,343.8750
-491.4600,345.3900
-491.4600,345.7050
-491.4600,344.7600
-491.4600,343.1700
-491.4600,341.7000
-491.4600,341.1600
-491.4600,341.4300
-491.4600,342.2400
-491.4600,343.5900
-491.4600,344.6700
-491.4600,345.0600
-491.4600,344.9250
-491.4600,344.2200
-491.4600,343.2300
-491.4600,342.5100
-491.4600,342.3300
-491.4600,342.6150
-491.4600,343.2000
-491.4600,343.8900
-491.4600,344.2200
-491.4600,344.0700
-491.4600,343.8000
-491.4600,343.3500
-491.4600,342.7500
-491.4600,342.5700
-491.4600,342.8400
-491.4600,343.1700
-491.4600,343.4700
460-491.0,343.5600
-491.4600,343.3800
-491.4600,343.0500
-491.4600,342.6300
-491.4600,342.1800
-491.4600,341.9400
-491.4600,342.0300
-491.4600,342.6000
-491.4600,343.5750
-491.4600,344.5800
-491.4600,344.8350
-491.4600,344.1000
-491.4600,342.9900
-491.4600,342.2100
-491.4600,342.0300
-491.4600,342.7800
-491.4600,344.2500
-491.4600,345.6900
-491.4600,346.2450
-491.4600,345.4650
-491.4600,343.7400
-491.4600,341.9700
-491.4600,341.0250
-491.4600,341.2500
-491.4600,342.3600
-491.4600,343.9950
-491.4600,345.3000
-491.4600,345.3600
-491.4600,344.3850
-491.4600,342.9450
-491.4600,341.7150
-491.4600,341.3400
-491.4600,341.6400
-491.4600,342.5700
-491.4600,343.9200
-491.4600,344.8500
-491.4600,345.0900
-491.4600,344.7600
-491.4600,343.9050
-491.4600,342.9900
-491.4600,342.4650
-491.4600,342.3900
-491.4600,342.7200
-491.4600,343.3800
-491.4600,344.0400
-491.4600,344.2200
-491.4600,344.0400
-491.4600,343.7100
-491.4600,343.1100
-491.4600,342.5550
-491.4600,342.5100
-491.4600,342.7650
-491.4600,343.1100
-491.4600,343.5000
-491.4600,343.6200
-491.4600,343.4250
-491.4600,343.0500
-491.4600,342.5100
-491.4600,341.9100
-491.4600,341.6700
-491.4600,342.0900
-491.4600,343.2000
-491.4600,344.4000
-491.4600,344.9100
-491.4600,344.3700
-491.4600,343.2900
-491.4600,342.4500
-491.4600,342.3600
-491.4600,343.2150
-491.4600,344.8500
-491.4600,346.3500
-491.4600,346.6350
-491.4600,345.3300
-491.4600,342.7500
-491.4600,340.4700
-491.4600,339.8100
-491.4600,341.2200
-491.4600,343.9050
-491.4600,345.9900
-491.4600,346.5000
-491.4600,345.4500
-491.4600,343.2900
-491.4600,341.3700
-491.4600,340.5150
-491.4600,340.8000
-491.4600,342.1200
-491.4600,343.7400
-491.4600,345.0000
-491.4600,345.5700
-491.4600,345.4050
-491.4600,344.5800
-491.4600,343.4850
-491.4600,342.5700
-491.4600,342.1050
-491.4600,342.2100
-491.4600,342.9000
-491.4600,343.7100
-491.4600,344.0100
-491.4600,343.5600
-491.4600,342.8700
-491.4600,342.3300
-491.4600,342.0750
-491.4600,342.4050
-491.4600,343.1250
-491.4600,343.6500
-491.4600,343.7400
-491.4600,343.4700
-491.4600,342.9600
-491.4600,342.5100
-491.4600,342.4800
-491.4600,342.9000
-491.4600,343.2300
-491.4600,343.2900
-491.4600,343.2450
-491.4600,343.1550
-491.4600,343.2900
-491.4600,343.8600
-491.4600,344.7600
-491.4600,345.5700
-491.4600,345.6600
-491.4600,344.8800
-491.4600,343.5000
-491.4600,341.9700
-491.4600,340.8300
-491.4600,340.5900
-491.4600,341.7300
-491.4600,343.8600
-491.4600,345.7200
-491.4600,346.2900
-491.4600,345.5400
-491.4600,343.8600
-491.4600,342.2700
-491.4600,341.4000
-491.4600,341.2800
-491.4600,341.8800
-491.4600,343.0200
-491.4600,343.9950
-491.4600,344.4300
-491.4600,344.5350
-491.4600,344.3100
-491.4600,343.8000
-491.4600,343.4700
-491.4600,343.2900
-491.4600,343.2600
-491.4600,343.5300
-491.4600,343.9050
-491.4600,344.0400
-491.4600,343.9200
-491.4600,343.4700
-491.4600,342.5850
-491.4600,342.0900
-491.4600,342.4800
-491.4600,343.2000
-491.4600,343.9950
-491.4600,344.5800
-491.4600,344.5800
-491.4600,344.0850
-491.4600,343.4100
-491.4600,342.6450
-491.4600,342.0600
-491.4600,341.8950
-491.4600,342.0900
-491.4600,342.3300
-491.4600,342.5700
-491.4600,342.8400
-491.4600,343.3500
-491.4600,344.1600
-491.4600,344.6850
-491.4600,344.3850
-491.4600,343.5900
-491.4600,342.9000
-491.4600,342.6300
-491.4600,343.1700
-491.4600,344.4300
-491.4600,345.7800
-491.4600,346.3650
-491.4600,345.3900
-491.4600,342.9900
-491.4600,340.6950
-491.4600,340.0350
-491.4600,341.4450
-491.4600,344.0700
-491.4600,346.1100
-491.4600,346.4400
-491.4600,345.0300
-491.4600,342.7500
-491.4600,341.0100
-491.4600,340.4700
-491.4600,341.1000
-491.4600,342.7350
-491.4600,344.4300
-491.4600,345.4800
-491.4600,345.7800
-491.4600,345.3000
-491.4600,344.2200
-491.4600,343.1550
-491.4600,342.3150
-491.4600,341.9100
-491.4600,342.1950
-491.4600,343.0050
-491.4600,343.9950
-491.4600,344.6400
-491.4600,344.3700
-491.4600,343.5600
-491.4600,342.9000
-491.4600,342.5400
-491.4600,342.7800
-491.4600,343.4400
-491.4600,343.8900
-491.4600,343.9350
-491.4600,343.8300
-491.4600,343.5000
-491.4600,342.8850
-491.4600,342.2700
-491.4600,341.7450
-491.4600,341.4750
-491.4600,341.7600
-491.4600,342.5100
-491.4600,343.6500
-491.4600,344.8500
-491.4600,345.3600
-491.4600,344.8200
-491.4600,343.6050
-491.4600,342.4200
-491.4600,341.9700
-491.4600,342.6450
-491.4600,344.3700
-491.4600,346.2000
-491.4600,346.8900
-491.4600,345.6600
-491.4600,343.1550
-491.4600,340.7700
-491.4600,339.9750
-491.4600,341.4300
-491.4600,344.0400
-491.4600,345.9300
-491.4600,346.2600
-491.4600,344.9400
-491.4600,342.7200
-491.4600,341.0700
-491.4600,340.5150
-491.4600,341.1150
-491.4600,342.6900
-491.4600,344.3550
-491.4600,345.5250
-491.4600,346.0200
-491.4600,345.6450
-491.4600,344.5800
-491.4600,343.3500
-491.4600,342.2700
-491.4600,341.6850
-491.4600,341.8500
-491.4600,342.7050
-491.4600,343.7700
-491.4600,344.3550
-491.4600,344.2050
-491.4600,343.7250
-491.4600,343.1850
-491.4600,342.9300
-491.4600,343.2300
-491.4600,343.8750
-491.4600,344.4300
-491.4600,344.5800
-491.4600,344.3100
-491.4600,343.5900
-491.4600,342.6450
-491.4600,341.9700
-491.4600,341.6400
-491.4600,341.7900
-491.4600,342.4950
-491.4600,343.1700
-491.4600,343.4700
-491.4600,343.4400
-491.4600,343.3200
-491.4600,343.4700
-491.4600,343.8750
-491.4600,343.9350
-491.4600,343.5600
-491.4600,343.1400
-491.4600,342.9600
-491.4600,343.2300
-491.4600,344.1000
-491.4600,345.3450
-491.4600,346.3200
-491.4600,346.2600
-491.4600,344.6400
-491.4600,342.1350
-491.4600,340.2300
-491.4600,340.1700
-491.4600,342.0300
-491.4600,344.5500
-491.4600,345.9600
-491.4600,345.7050
-491.4600,344.2650
-491.4600,342.5700
-491.4600,341.6100
-491.4600,341.5650
-491.4600,342.3450
-491.4600,343.5600
-491.4600,344.4900
-491.4600,344.8950
-491.4600,344.8500
-491.4600,344.2500
-491.4600,343.4100
-491.4600,342.7650
-491.4600,342.4200
-491.4600,342.4800
-491.4600,342.9900
-491.4600,343.9200
-491.4600,344.5800
-491.4600,344.5800
-491.4600,344.1150
-491.4600,343.3200
-491.4600,342.5100
-491.4600,342.2400
-491.4600,342.4800
-491.4600,342.8400
-491.4600,343.2600
-491.4600,343.6350
-491.4600,343.7400
-491.4600,343.5450
-491.4600,343.0500
-491.4600,342.3450
-491.4600,341.7900
-491.4600,341.7000
-491.4600,342.4050
-491.4600,343.6650
-491.4600,344.7600
-491.4600,344.8950
-491.4600,344.0700
-491.4600,342.9900
-491.4600,342.2250
-491.4600,342.2250
-491.4600,343.3200
-491.4600,345.1950
-491.4600,346.7100
-491.4600,346.8000
-491.4600,345.1500
-491.4600,342.4200
-491.4600,340.1700
-491.4600,339.7800
-491.4600,341.5200
-491.4600,344.2200
-491.4600,346.1100
-491.4600,346.3500
-491.4600,345.0150
-491.4600,342.8700
-491.4600,341.2200
-491.4600,340.6200
-491.4600,341.1150
-491.4600,342.5850
-491.4600,344.2200
-491.4600,345.3300
-491.4600,345.6300
-491.4600,345.1800
-491.4600,344.2200
-491.4600,343.2150
-491.4600,342.4800
-491.4600,342.1800
-491.4600,342.3900
-491.4600,343.2000
-491.4600,344.0400
-491.4600,344.2800
-491.4600,343.9650
-491.4600,343.3800
-491.4600,342.6900
-491.4600,342.4500
-491.4600,342.8400
-491.4600,343.3200
-491.4600,343.7100
-491.4600,343.9650
-491.4600,343.9500
-491.4600,343.5600
-491.4600,342.9300
-491.4600,342.1200
-491.4600,341.4300
-491.4600,341.2650
-491.4600,341.8200
-491.4600,342.9900
-491.4600,344.3400
-491.4600,345.0300
-491.4600,344.6400
-491.4600,343.7100
-491.4600,342.8400
-491.4600,342.4800
-491.4600,343.1850
-491.4600,344.7150
-491.4600,346.2600
-491.4600,346.6950
-491.4600,345.4050
-491.4600,342.8100
-491.4600,340.4850
-491.4600,339.6450
-491.4600,340.7700
-491.4600,343.3800
-491.4600,345.7950
-491.4600,346.6800
-491.4600,345.7800
-491.4600,343.6950
-491.4600,341.7300
-491.4600,340.7400
-491.4600,340.8000
-491.4600,341.9400
-491.4600,343.6500
-491.4600,344.9100
-491.4600,345.4800
-491.4600,345.4350
-491.4600,344.5800
-491.4600,343.4100
-491.4600,342.4800
-491.4600,342.0300
-491.4600,342.2100
-491.4600,342.9000
-491.4600,343.7700
-491.4600,344.3700
-491.4600,344.2050
-491.4600,343.6200
-491.4600,343.0200
-491.4600,342.6150
-491.4600,342.8400
-491.4600,343.5900
-491.4600,344.2050
-491.4600,344.3400
-491.4600,344.0400
-491.4600,343.3950
-491.4600,342.6750
-491.4600,342.0600
-491.4600,341.7300
-491.4600,341.7300
-491.4600,342.1350
-491.4600,342.7200
-491.4600,343.1250
-491.4600,343.5600
-491.4600,344.2050
-491.4600,344.6400
-491.4600,344.4300
-491.4600,343.6500
-491.4600,342.9600
-491.4600,342.8400
-491.4600,343.5300
-491.4600,344.9700
-491.4600,346.2300
-491.4600,346.1100
-491.4600,344.6100
-491.4600,342.4200
-491.4600,340.7700
-491.4600,341.0100
-491.4600,342.9000
-491.4600,344.8800
-491.4600,345.9300
-491.4600,345.2100
-491.4600,343.3200
-491.4600,341.6850
-491.4600,340.7100
-491.4600,340.9800
-491.4600,342.4500
-491.4600,344.0550
-491.4600,345.3150
-491.4600,345.9450
-491.4600,345.6900
-491.4600,344.8650
-491.4600,343.8600
-491.4600,342.8400
-491.4600,342.1200
-491.4600,341.9700
-491.4600,342.4650
-491.4600,343.3200
-491.4600,343.8600
-491.4600,343.7550
-491.4600,343.4100
-491.4600,343.0500
-491.4600,342.9000
-491.4600,342.9900
-491.4600,343.3650
-491.4600,343.8000
-491.4600,343.9350
-491.4600,343.8150
-491.4600,343.3500
-491.4600,342.5100
-491.4600,341.6700
-491.4600,341.0700
-491.4600,341.0700
-491.4600,342.1950
-491.4600,343.8750
-491.4600,345.0450
-491.4600,345.2100
-491.4600,344.6700
-491.4600,343.9800
-491.4600,343.6800
-491.4600,344.1900
-491.4600,345.0600
-491.4600,345.3600
-491.4600,344.8200
-491.4600,343.3200
-491.4600,341.4300
-491.4600,341.0400
-491.4600,342.2700
-491.4600,343.7700
-491.4600,344.9400
-491.4600,344.9100
-491.4600,343.6800
-491.4600,342.5400
-491.4600,341.7000
-491.4600,341.5800
-491.4600,342.3300
-491.4600,343.3500
-491.4600,344.3700
-491.4600,345.1200
-491.4600,345.4050
-491.4600,345.2250
-491.4600,344.6100
-491.4600,343.6500
-491.4600,342.5700
-491.4600,341.9100
-491.4600,342.0000
-491.4600,342.5400
-491.4600,343.2600
-491.4600,343.6800
-491.4600,343.4400
-491.4600,343.1550
-491.4600,343.2300
-491.4600,343.2300
-491.4600,343.3500
-491.4600,343.7400
-491.4600,343.9950
-491.4600,344.0100
-491.4600,343.8900
-491.4600,343.2600
-491.4600,342.2100
-491.4600,341.2350
-491.4600,340.6200
-491.4600,340.9050
-491.4600,342.3300
-491.4600,344.1900
-491.4600,345.3750
-491.4600,345.5100
-491.4600,345.1650
-491.4600,344.6250
-491.4600,344.3700
-491.4600,344.6700
-491.4600,344.9100
-491.4600,344.9700
-491.4600,344.0550
-491.4600,342.1800
-491.4600,341.3250
-491.4600,342.0000
-491.4600,342.9300
-491.4600,343.8300
-491.4600,344.1000
-491.4600,343.4850
-491.4600,342.9000
-491.4600,342.3900
-491.4600,342.4200
-491.4600,343.1100
-491.4600,343.8300
-491.4600,344.4450
-491.4600,344.8200
-491.4600,344.7900
-491.4600,344.5350
-491.4600,344.2500
-491.4600,343.8300
-491.4600,343.2000
-491.4600,342.5250
-491.4600,342.2700
-491.4600,342.4800
-491.4600,342.8550
-491.4600,343.2900
-491.4600,343.4250
-491.4600,343.1850
-491.4600,343.3800
-491.4600,343.9800
-491.4600,344.3700
-491.4600,344.7150
-491.4600,344.7900
-491.4600,344.4900
-491.4600,344.1150
-491.4600,343.6200
-491.4600,343.0200
-491.4600,342.4800
-491.4600,342.2400
-491.4600,342.3600
-491.4600,342.7500
-491.4600,343.4100
-491.4600,343.9950
-491.4600,344.3250
-491.4600,344.6400
-491.4600,344.7300
-491.4600,344.4300
-491.4600,344.0400
-491.4600,343.6350
-491.4600,343.4100
-491.4600,343.3800
-491.4600,343.3050
-491.4600,343.1400
-491.4600,343.0350
-491.4600,343.0800
-491.4600,343.2300
-491.4600,343.4400
-491.4600,343.6350
-491.4600,343.8000
-491.4600,344.0100
-491.4600,344.1300
-491.4600,344.1000
-491.4600,343.9800
-491.4600,343.8300
-491.4600,343.6350
-491.4600,343.5600
-491.4600,343.5300
-491.4600,343.4850
-491.4600,343.5000
-491.4600,343.5000
-491.4600,343.4850
-491.4600,343.4700
-491.4600,343.4700
-491.4600,343.5000
-491.4600,343.5900
-491.4600,343.6800
-491.4600,343.7250
-491.4600,343.7400
-491.4600,343.7700
-491.4600,343.7700
-491.4600,343.7700
-491.4600,343.7550
-491.4600,343.6800
-491.4600,343.6200
-491.4600,343.5600
-491.4600,343.4400
-491.4600,343.3500
-491.4600,343.2450
-491.4600,343.2000
-491.4600,343.2450
-491.4600,343.3500
-491.4600,343.5000
-491.4600,343.6800
-491.4600,343.8300
-491.4600,343.9200
-491.4600,343.9500
-491.4600,343.9200
-491.4600,343.7850
-491.4600,343.6200
-491.4600,343.4550
-491.4600,343.2900
-491.4600,343.2000
-491.4600,343.1400
-491.4600,343.1400
-491.4600,343.2300
-491.4600,343.4100
-491.4600,343.5900
-491.4600,343.7550
-491.4600,343.8600
-491.4600,343.9050
-491.4600,343.8900
-491.4600,343.8000
-491.4600,343.6500
-491.4600,343.4400
-491.4600,343.2900
-491.4600,343.2000
-491.4600,343.2300
-491.4600,343.3050
-491.4600,343.3950
-491.4600,343.5000
-491.4600,343.6200
-491.4600,343.6500
-491.4600,343.7100
-491.4600,343.6800
-491.4600,343.6200
-491.4600,343.5750
-491.4600,343.5300
-491.4600,343.4850
-491.4600,343.4550
-491.4600,343.4550
-491.4600,343.4700
-491.4600,343.4550
-491.4600,343.4700
-491.4600,343.4700
-491.4600,343.4850
-491.4600,343.5300
-491.4600,343.5300
-491.4600,343.5000
-491.4600,343.4700
-491.4600,343.4250
-491.4600,343.4100
-491.4600,343.4250
-4-491.4600,343.4850
-91.4600,343.4400
491.4600,343.5450
-491.4600,343.5900
-491.4600,343.5900
-491.4600,343.5900
-491.4600,343.5300
-491.4600,343.4700
-491.4600,343.3800
-491.4600,343.3200
-491.4600,343.3200
-491.4600,343.3200
-491.4600,343.3500
-491.4600,343.3650
-491.4600,343.4100
-491.4600,343.4700
-491.4600,343.5000
-491.4600,343.5450
-491.4600,343.5450
-491.4600,343.5450
-491.4600,343.5300
-491.4600,343.4850
-491.4600,343.4100
-491.4600,343.3500
-491.4600,343.3200
-491.4600,343.2900
-491.4600,343.3200
-491.4600,343.3800
-491.4600,343.4250
-491.4600,343.5000
-491.4600,343.5300
-491.4600,343.5600
-491.4600,343.5450
-491.4600,343.5000
-491.4600,343.4700
-491.4600,343.4250
-491.4600,343.3950
-491.4600,343.4100
-491.4600,343.4100
-491.4600,343.4400
-491.4600,343.4400
-491.4600,343.4400
-491.4600,343.4400
-491.4600,343.4100
-491.4600,343.4100
-491.4600,343.3800
-491.4600,343.3650
-491.4600,343.3800
-491.4600,343.3950
-491.4600,343.4250
-491.4600,343.4400
-491.4600,343.4550
-491.4600,343.4400
-491.4600,343.4400
-491.4600,343.4400
-4.4400
-491.4691.4600,34300,343.4250
-491.4600,343.3800
-491.4600,343.3650
-491.4600,343.3500
-491.4600,343.3200
-491.4600,343.3200
-491.4600,343.3200
-491.4600,343.3500
-491.4600,343.3800
-491.4600,343.4100
-491.4600,343.4400
-491.4600,343.4700
-491.4600,343.4700
-491.4600,343.4400
-491.4600,343.4100
-491.4600,343.3800
-491.4600,343.3500
-491.4600,343.3200
-491.4600,343.2900
-491.4600,343.2600
-491.4600,343.2750
-491.4600,343.2900
-491.4600,343.3200
-491.4600,343.3650
-491.4600,343.4100
-491.4600,343.4550
-491.4600,343.4700
-491.4600,343.5000
-491.4600,343.4700
-491.4600,343.4100
-491.4600,343.3800
-491.4600,343.3050
-491.4600,343.2600
-491.4600,343.2300
-491.4600,343.2300
-491.4600,343.2600
-491.4600,343.2900
-491.4600,343.3200
-491.4600,343.3650
-491.4600,343.3800
-491.4600,343.3800
-491.4600,343.3800
-491.4600,343.3800
-491.4600,343.3800
-491.4600,343.3800
-491.4600,343.3800
-491.4600,343.3350
-491.4600,343.3050
-491.4600,343.2750
-491.4600,343.2450
-491.4600,343.2300
-491.4600,343.2450
-491.4600,343.2600
-491.4600,343.2750
-491.4600,343.3200
-491.4600,343.3500
-491.4600,343.3800
-491.4600,343.4100
-491.4600,343.3950
-491.4600,343.3950
-491.4600,343.3800
-491.4600,343.3500
-491.4600,343.3050
-491.4600,343.2600
-491.4600,343.2600
-491.4600,343.2600
-491.4600,343.2750
-491.4600,343.2600
-491.4600,343.2300
-491.4600,343.2000
-491.4600,343.1850
-491.4600,343.2000
-491.4600,343.2300
-491.4600,343.2900
-491.4600,343.3350
-491.4600,343.3800
-491.4600,343.4400
-491.4600,343.4100
-491.4600,343.3800
-491.4600,343.3200
-491.4600,343.2300
-491.4600,343.1700
-491.4600,343.1250
-491.4600,343.0950
-491.4600,343.1400
-491.4600,343.2000
-491.4600,343.2750
-491.4600,343.3500
-491.4600,343.4100
-491.4600,343.4400
-491.4600,343.4400
-491.4600,343.3800
-491.4600,343.3200
-491.4600,343.2600
-491.4600,343.2300
-491.4600,343.2000
-491.4600,343.1700
-491.4600,343.1700
-491.4600,343.1700
-491.4600,343.1850
-491.4600,343.2000
-491.4600,343.2450
-491.4600,343.2900
-491.4600,343.3200
-491.4600,343.3500
-491.4600,343.3800
-491.4600,343.3500
-491.4600,343.2900
-491.4600,343.2300
-491.4600,343.1400
-491.4600,343.1100
-491.4600,343.0800
-491.4600,343.0500
-491.4600,343.0650
-491.4600,343.1100
-491.4600,343.1700
-491.4600,343.2300
-491.4600,343.2900
-491.4600,343.3050
-491.4
600,343.2900-491.4600,343.2750
-491.4600,343.2300
-491.4600,343.2000
-491.4600,343.1400
-491.4600,343.1100
-491.4600,343.0800
-491.4600,343.0500
-491.4600,343.0800
-491.4600,343.1700
-491.4600,343.2300
-491.4600,343.3050
-491.4600,343.2900
-491.4600,343.2450
-491.4600,343.2000
-491.4600,343.1250
-491.4600,343.0350
-491.4600,343.0050
-491.4600,342.9900
-491.4600,343.0200
-491.4600,343.0800
-491.4600,343.1850
-491.4600,343.2600
-491.4600,343.3200
-491.4600,343.3200
-491.4600,343.2300
-491.4600,343.1400
-491.4600,343.0350
-491.4600,342.9600
-491.4600,342.9300
-491.4600,342.9750
-491.4600,343.0500
-491.4600,343.1400
-491.4600,343.2000
-491.4600,343.2300
-491.4600,343.2150
-491.4600,343.2000
-491.4600,343.1400
-491.4600,343.1100
-491.4600,343.0800
-491.4600,343.0800
-491.4600,343.0800
-491.4600,343.1100
-491.4600,343.1100
-491.4600,343.0800
-491.4600,343.0650
-491.4600,343.0800
-491.4600,343.0800
-491.4600,343.1400
-491.4600,343.2300
-491.4600,343.2600
-491.4600,343.2600
-491.4600,343.2450
-491.4600,343.1700
-491.4600,343.1100
-491.4600,343.0350
-491.4600,342.9900
-491.4600,342.9900
-491.4600,343.0050
-491.4600,343.0500
-491.4600,343.0800
-491.4600,343.0950
-491.4600,343.1400
-491.4600,343.1850
-491.4600,343.2300
-491.4600,343.2000
-491.4600,343.1550
-491.4600,343.1100
-491.4600,343.0950
-491.4600,343.0950
-491.4600,343.0500
-491.4600,342.9600
-491.4600,342.9300
-491.4600,342.9600
-491.4600,343.0350
-491.4600,343.0800
-491.4600,343.1100
-491.4600,343.1550
-491.4600,343.2000
-491.4600,343.1700
-491.4600,343.1400
-491.4600,343.0950
-491.4600,343.0500
-491.4600,343.0500
-491.4600,343.0800
-491.4600,343.1100
-491.4600,343.1250
-491.4600,343.1400
-491.4600,343.1100
-491.4600,343.0800
-491.4600,343.0500
-491.4600,343.0350
-491.4600,343.0500
-491.4600,343.0500
-491.4600,343.0800
-491.4600,343.1100
-491.4600,343.1400
-491.4600,343.1100
-491.4600,343.0650
-491.4600,343.0350
-491.4600,343.0200
-491.4600,343.0200
-491.4600,343.0200
-491.4600,343.0500
-491.4600,343.0800
-491.4600,343.0800
-491.4600,343.0500
-491.4600,343.0350
-491.4600,343.0200
-491.4600,343.0200
-491.4600,343.0350
-491.4600,343.0500
-491.4600,343.0500
-491.4600,343.0800
-491.4600,343.0650
-491.4600,343.0200
-491.4600,342.9600
-491.4600,342.9300
-491.4600,342.9300
-491.4600,342.9750
-491.4600,343.0050
-491.4600,343.0500
-491.4600,343.0500
-491.4600,343.0350
-491.4600,343.0200
-491.4600,342.9750
-491.4600,342.9600
-491.4600,342.9300
-491.4600,342.9600
-491.4600,343.0050
-491.4600,343.0500
-491.4600,343.0800
-491.4600,343.0500
-491.4600,343.0200
-491.4600,342.9900
-491.4600,342.9300
-491.4600,342.9000
-491.4600,342.9000
-491.4600,342.9300
-491.4600,342.9900
-491.4600,343.0350
-491.4600,343.0800
-491.4600,343.0500
-491.4600,342.9900
-491.4600,342.9450
-491.4600,342.8850
-491.4600,342.8700
-491.4600,342.8850
-491.4600,342.9300
-491.4600,343.0050
-491.4600,343.0800
-491.4600,343.0800
-491.4600,343.0500
-491.4600,343.0200
-491.4600,343.0200
-491.4600,343.0500
-491.4600,343.0050
-491.4600,342.9600
-491.4600,342.9600
-491.4600,342.9450
-491.4600,342.9750
-491.4600,342.9750
-491.4600,342.9300
-491.4600,342.9600
-491.4600,342.9750
-491.4600,342.9900
-491.4600,343.0200
-491.4600,342.9900
-491.4600,342.9600
-491.4600,342.9750
-491.4600,342.9750
-491.4600,342.9450
-491.4600,342.9300
-491.4600,342.9000
-491.4600,342.9150
-491.4600,342.9300
-491.4600,342.9600
-491.4600,342.9600
-491.4600,342.9600
-491.4600,342.9600
-491.4600,342.9600
-491.4600,342.9300
-491.4600,342.9000
-491.4600,342.8850
-491.4600,342.8700
-491.4600,342.8850
-491.4600,342.9000
-491.4600,342.9300
-491.4600,342.9600
-491.4600,342.9600
-491.4600,342.9450
-491.4600,342.9300
-491.4600,342.9450
-491.4600,342.9450
-491.4600,342.9600
-491.4600,342.9300
-491.4600,342.9000
-491.4600,342.9000
-491.4600,342.9300
-491.4600,342.9300
-491.4600,342.9300
-491.4600,342.9000
491.4600,34-2.8850
-491.4600,342.9000
-491.4600,342.9300
-491.4600,342.9300
-491.4600,342.9000
-491.4600,342.9000
-491.4600,342.9000
-491.4600,342.9000
-491.4600,342.9000
-491.4600,342.9000
-491.4600,342.8700
-491.4600,342.8700
-491.4600,342.9000
-491.4600,342.9300
-491.4600,342.9300
-491.4600,342.9150
-491.4600,342.9150
-491.4600,342.9150
-491.4