Starting execution ...
Chip ID: 0x3055
Manufacturer ID: 0x5449
Verification OK
LDC16xx registers dump:
DATA_MSB_CH0       (0x00) : 0x0000
DATA_LSB_CH0       (0x01) : 0x0000
DATA_MSB_CH1       (0x02) : 0x0000
DATA_LSB_CH1       (0x03) : 0x0000
DATA_MSB_CH2       (0x04) : 0x0000
DATA_LSB_CH2       (0x05) : 0x0000
DATA_MSB_CH3       (0x06) : 0x0000
DATA_LSB_CH3       (0x07) : 0x0000
RCOUNT_CH0         (0x08) : 0xFFFF
RCOUNT_CH1         (0x09) : 0x0080
RCOUNT_CH2         (0x0A) : 0x0080
RCOUNT_CH3         (0x0B) : 0x0080
OFFSET_CH0         (0x0C) : 0x0000
OFFSET_CH1         (0x0D) : 0x0000
OFFSET_CH2         (0x0E) : 0x0000
OFFSET_CH3         (0x0F) : 0x0000
SETTLECOUNT_CH0    (0x10) : 0x0050
SETTLECOUNT_CH1    (0x11) : 0x0000
SETTLECOUNT_CH2    (0x12) : 0x0000
SETTLECOUNT_CH3    (0x13) : 0x0000
CLOCK_DIVIDERS_CH0 (0x14) : 0x0000
CLOCK_DIVIDERS_CH1 (0x15) : 0x0000
CLOCK_DIVIDERS_CH2 (0x16) : 0x0000
CLOCK_DIVIDERS_CH3 (0x17) : 0x0000
STATUS             (0x18) : 0x0008
ERROR_CONFIG       (0x19) : 0x0000
CONFIG             (0x1A) : 0x0480
MUX_CONFIG         (0x1B) : 0x0004
RESET_DEV          (0x1C) : 0x0000
DRIVE_CURRENT_CH0  (0x1D) : 0x05C0
DRIVE_CURRENT_CH1  (0x1E) : 0x0000
DRIVE_CURRENT_CH2  (0x1F) : 0x0000
DRIVE_CURRENT_CH3  (0x20) : 0x0000
MANUFACTURER_ID    (0x21) : 0x5449
DEVICE_ID          (0x22) : 0x3055
111, 172548275
117, 172548275
122, 172548275
127, 172544723
132, 172544723
137, 172544723
142, 172544723
147, 172548115
152, 172548115
157, 172548115
162, 172548115
167, 172548115
172, 172549395
177, 172549395
182, 172549395
187, 172549395
192, 172557667
197, 172557667
202, 172557667
207, 172557667
212, 172554595
217, 172554595
222, 172554595
227, 172554595
232, 172554595
237, 172553763
242, 172553763
247, 172553763
252, 172553763
257, 172560403
262, 172560403
267, 172560403
272, 172560403
277, 172560403
282, 172549795
287, 172549795
292, 172549795
297, 172549795
302, 172556195
307, 172556195
312, 172556195
317, 172556195
322, 172557331
327, 172557331
332, 172557331
337, 172557331
342, 172557331
347, 172549667
352, 172549667
357, 172549667
362, 172549667
367, 172551523
372, 172551523
377, 172551523
382, 172551523
387, 172551523
392, 172555859
397, 172555859
402, 172555859
407, 172555859
412, 172557587
417, 172557587
422, 172557587
427, 172557587
432, 172557587
437, 172555123
442, 172555123
447, 172555123
452, 172555123
457, 172557859
462, 172557859
467, 172557859
472, 172557859
477, 172553939
482, 172553939
487, 172553939
492, 172553939
497, 172553939
502, 172554419
507, 172554419
512, 172554419
517, 172554419
522, 172552787
527, 172552787
532, 172552787
537, 172552787
542, 172552787
547, 172559955
552, 172559955
557, 172559955
562, 172559955
567, 172555779
572, 172555779
577, 172555779
582, 172555779
587, 172555779
592, 172555987
597, 172555987
602, 172555987
607, 172555987
612, 172555363
617, 172555363
622, 172555363
627, 172555363
632, 172551027
637, 172551027
642, 172551027
647, 172551027
652, 172551027
657, 172554963
662, 172554963
667, 172554963
672, 172554963
677, 172558195
682, 172558195
687, 172558195
692, 172558195
697, 172558195
702, 172557011
707, 172557011
712, 172557011
717, 172557011
722, 172555651
727, 172555651
732, 172555651
737, 172555651
742, 172558883
747, 172558883
752, 172558883
757, 172558883
762, 172558883
767, 172605795
772, 172605795
777, 172605795
782, 172605795
787, 172562707
792, 172562707
797, 172562707
802, 172562707
807, 172562707
812, 172558963
817, 172558963
822, 172558963
827, 172558963
832, 172559539
837, 172559539
842, 172559539
847, 172559539
852, 172559539
857, 172562163
862, 172562163
867, 172562163
872, 172562163
877, 172560163
882, 172560163
887, 172560163
892, 172560163
897, 172557907
902, 172557907
907, 172557907
912, 172557907
917, 172557907
922, 172562003
927, 172562003
932, 172562003
937, 172562003
942, 172557491
947, 172557491
952, 172557491
957, 172557491
962, 172557491
967, 172556467
972, 172556467
977, 172556467
982, 172556467
987, 172560979
992, 172560979
997, 172560979
1002, 172560979
1007, 172560979
1012, 172557251
1017, 172557251
1022, 172557251
1027, 172557251
1032, 172564499
1037, 172564499
1042, 172564499
1047, 172564499
1052, 172558035
1057, 172558035
1062, 172558035
1067, 172558035
1072, 172558035
1077, 172552131
1082, 172552131
1087, 172552131
1092, 172552131
1097, 172553043
1102, 172553043
1107, 172553043
1112, 172553043
1117, 172553043
1122, 172555539
1127, 172555539
1132, 172555539
1137, 172555539
1142, 172555891
1147, 172555891
1152, 172555891
1157, 172555891
1162, 172553491
1167, 172553491
1172, 172553491
1177, 172553491
1182, 172553491
1187, 172549139
1192, 172549139
1197, 172549139
1202, 172549139
1207, 172546851
1212, 172546851
1217, 172546851
1222, 172546851
1227, 172546851
1232, 172560771
1237, 172560771
1242, 172560771
1247, 172560771
1252, 172550867
1257, 172550867
1262, 172550867
1267, 172550867
1272, 172550867
1277, 172559795
1282, 172559795
1287, 172559795
1292, 172559795
1297, 172555443
1302, 172555443
1307, 172555443
1312, 172555443
1317, 172562819
1322, 172562819
1327, 172562819
1332, 172562819
1337, 172562819
1342, 172559219
1347, 172559219
1352, 172559219
1357, 172559219
1362, 172563059
1367, 172563059
1372, 172563059
1377, 172563059
1382, 172563059
1387, 172557587
1392, 172557587
1397, 172557587
1402, 172557587
1407, 172557043
1412, 172557043
1417, 172557043
1422, 172557043
1427, 172560979
1432, 172560979
1437, 172560979
1442, 172560979
1447, 172560979
1452, 172553651
1457, 172553651
1462, 172553651
1467, 172553651
1472, 172559539
1477, 172559539
1482, 172559539
1487, 172559539
1492, 172559539
1497, 172562707
1502, 172562707
1507, 172562707
1512, 172562707
1517, 172559459
1522, 172559459
1527, 172559459
1532, 172559459
1537, 172559459
1542, 172552995
1547, 172552995
1552, 172552995
1557, 172552995
1562, 172557587
1567, 172557587
1572, 172557587
1577, 172557587
1582, 172564835
1587, 172564835
1592, 172564835
1597, 172564835
1602, 172564835
1607, 172554707
1612, 172554707
1617, 172554707
1622, 172554707
1627, 172560483
1632, 172560483
1637, 172560483
1642, 172560483
1647, 172560483
1652, 172565779
1657, 172565779
1662, 172565779
1667, 172565779
1672, 172558643
1677, 172558643
1682, 172558643
1687, 172558643
1692, 172558643
1697, 172557251
1702, 172557251
1707, 172557251
1712, 172557251
1717, 172561267
1722, 172561267
1727, 172561267
1732, 172561267
1737, 172558323
1742, 172558323
1747, 172558323
1752, 172558323
1757, 172558323
1762, 172558275
1767, 172558275
1772, 172558275
1777, 172558275
1782, 172554099
1787, 172554099
1792, 172554099
1797, 172554099
1802, 172554099
1807, 172552291
1812, 172552291
1817, 172552291
1822, 172552291
1827, 172559299
1832, 172559299
1837, 172559299
1842, 172559299
1847, 172561187
1852, 172561187
1857, 172561187
1862, 172561187
1867, 172561187
1872, 172555987
1877, 172555987
1882, 172555987
1887, 172555987
1892, 172558883
1897, 172558883
1902, 172558883
1907, 172558883
1912, 172558883
1917, 172568595
1922, 172568595
1927, 172568595
1932, 172568595
1937, 172561795
1942, 172561795
1947, 172561795
1952, 172561795
1957, 172561795
1962, 172561507
1967, 172561507
1972, 172561507
1977, 172561507
1982, 172558931
1987, 172558931
1992, 172558931
1997, 172558931
2002, 172552819
2007, 172552819
2012, 172552819
2017, 172552819
2022, 172552819
2027, 172551891
2032, 172551891
2037, 172551891
2042, 172551891
2047, 172553683
2052, 172553683
2057, 172553683
2062, 172553683
2067, 172553683
2072, 172552579
2077, 172552579
2082, 172552579
2087, 172552579
2092, 172553571
2097, 172553571
2102, 172553571
2107, 172553571
2112, 172557987
2117, 172557987
2122, 172557987
2127, 172557987
2132, 172557987
2137, 172562163
2142, 172562163
2147, 172562163
2152, 172562163
2157, 172564051
2162, 172564051
2167, 172564051
2172, 172564051
2177, 172564051
2182, 172557827
2187, 172557827
2192, 172557827
2197, 172557827
2202, 172561107
2207, 172561107
2212, 172561107
2217, 172561107
2222, 172561107
2227, 172561011
2232, 172561011
2237, 172561011
2242, 172561011
2247, 172555123
2252, 172555123
2257, 172555123
2262, 172555123
2267, 172560291
2272, 172560291
2277, 172560291
2282, 172560291
2287, 172560291
2292, 172563187
2297, 172563187
2302, 172563187
2307, 172563187
2312, 172559059
2317, 172559059
2322, 172559059
2327, 172559059
2332, 172559059
2337, 172559459
2342, 172559459
2347, 172559459
2352, 172559459
2357, 172557411
2362, 172557411
2367, 172557411
2372, 172557411
2377, 172557411
2382, 172554019
2387, 172554019
2392, 172554019
2397, 172554019
2402, 172565203
2407, 172565203
2412, 172565203
2417, 172565203
2422, 172562451
2427, 172562451
2432, 172562451
2437, 172562451
2442, 172562451
2447, 172557779
2452, 172557779
2457, 172557779
2462, 172557779
2467, 172559379
2472, 172559379
2477, 172559379
2482, 172559379
2487, 172559379
2492, 172558067
2497, 172558067
2502, 172558067
2507, 172558067
2512, 172561139
2517, 172561139
2522, 172561139
2527, 172561139
2532, 172562707
2537, 172562707
2542, 172562707
2547, 172562707
2552, 172562707
2557, 172564339
2562, 172564339
2567, 172564339
2572, 172564339
2577, 172563923
2582, 172563923
2587, 172563923
2592, 172563923
2597, 172563923
2602, 172562707
2607, 172562707
2612, 172562707
2617, 172562707
2622, 172561923
2627, 172561923
2632, 172561923
2637, 172561923
2642, 172561923
2647, 172560563
2652, 172560563
2657, 172560563
2662, 172560563
2667, 172558803
2672, 172558803
2677, 172558803
2682, 172558803
2687, 172563635
2692, 172563635
2697, 172563635
2702, 172563635
2707, 172563635
2712, 172566963
2717, 172566963
2722, 172566963
2727, 172566963
2732, 172556307
2737, 172556307
2742, 172556307
2747, 172556307
2752, 172556307
2757, 172560115
2762, 172560115
2767, 172560115
2772, 172560115
2777, 172562611
2782, 172562611
2787, 172562611
2792, 172562611
2797, 172562611
2802, 172556147
2807, 172556147
2812, 172556147
2817, 172556147
2822, 172557539
2827, 172557539
2832, 172557539
2837, 172557539
2842, 172559299
2847, 172559299
2852, 172559299
2857, 172559299
2862, 172559299
2867, 172556307
2872, 172556307
2877, 172556307
2882, 172556307
2887, 172558355
2892, 172558355
2897, 172558355
2902, 172558355
2907, 172558355
2912, 172558691
2917, 172558691
2922, 172558691
2927, 172558691
2932, 172559011
2937, 172559011
2942, 172559011
2947, 172559011
2952, 172555859
2957, 172555859
2962, 172555859
2967, 172555859
2972, 172555859
2977, 172555779
2982, 172555779
2987, 172555779
2992, 172555779
2997, 172555619
3002, 172555619
3007, 172555619
3012, 172555619
3017, 172555619
3022, 172553651
3027, 172553651
3032, 172553651
3037, 172553651
3042, 172561507
3047, 172561507
3052, 172561507
3057, 172561507
3062, 172561507
3067, 172558563
3072, 172558563
3077, 172558563
3082, 172558563
3087, 172557331
3092, 172557331
3097, 172557331
3102, 172557331
3107, 172562035
3112, 172562035
3117, 172562035
3122, 172562035
3127, 172562035
3132, 172555731
3137, 172555731
3142, 172555731
3147, 172555731
3152, 172559795
3157, 172559795
3162, 172559795
3167, 172559795
3172, 172559795
3177, 172559715
3182, 172559715
3187, 172559715
3192, 172559715
3197, 172557859
3202, 172557859
3207, 172557859
3212, 172557859
3217, 172559059
3222, 172559059
3227, 172559059
3232, 172559059
3237, 172559059
3242, 172560083
3247, 172560083
3252, 172560083
3257, 172560083
3262, 172564499
3267, 172564499
3272, 172564499
3277, 172564499
3282, 172564499
3287, 172562787
3292, 172562787
3297, 172562787
3302, 172562787
3307, 172561395
3312, 172561395
3317, 172561395
3322, 172561395
3327, 172561395
3332, 172556883
3337, 172556883
3342, 172556883
3347, 172556883
3352, 172558067
3357, 172558067
3362, 172558067
3367, 172558067
3372, 172557251
3377, 172557251
3382, 172557251
3387, 172557251
3392, 172557251
3397, 172560403
3402, 172560403
3407, 172560403
3412, 172560403
3417, 172556963
3422, 172556963
3427, 172556963
3432, 172556963
3437, 172556963
3442, 172566675
3447, 172566675
3452, 172566675
3457, 172566675
3462, 172559955
3467, 172559955
3472, 172559955
3477, 172559955
3482, 172559955
3487, 172562611
3492, 172562611
3497, 172562611
3502, 172562611
3507, 172566227
3512, 172566227
3517, 172566227
3522, 172566227
3527, 172564947
3532, 172564947
3537, 172564947
3542, 172564947
3547, 172564947
3552, 172558803
3557, 172558803
3562, 172558803
3567, 172558803
3572, 172555363
3577, 172555363
3582, 172555363
3587, 172555363
3592, 172555363
3597, 172559379
3602, 172559379
3607, 172559379
3612, 172559379
3617, 172555043
3622, 172555043
3627, 172555043
3632, 172555043
3637, 172554259
3642, 172554259
3647, 172554259
3652, 172554259
3657, 172554259
3662, 172564707
3667, 172564707
3672, 172564707
3677, 172564707
3682, 172569299
3687, 172569299
3692, 172569299
3697, 172569299
3702, 172569299
3707, 172563235
3712, 172563235
3717, 172563235
3722, 172563235
3727, 172569459
3732, 172569459
3737, 172569459
3742, 172569459
3747, 172569459
3752, 172561347
3757, 172561347
3762, 172561347
3767, 172561347
3772, 172559379
3777, 172559379
3782, 172559379
3787, 172559379
3792, 172566019
3797, 172566019
3802, 172566019
3807, 172566019
3812, 172566019
3817, 172550659
3822, 172550659
3827, 172550659
3832, 172550659
3837, 172553155
3842, 172553155
3847, 172553155
3852, 172553155
3857, 172553155
3862, 172552291
3867, 172552291
3872, 172552291
3877, 172552291
3882, 172551475
3887, 172551475
3892, 172551475
3897, 172551475
3902, 172556467
3907, 172556467
3912, 172556467
3917, 172556467
3922, 172556467
3927, 172559827
3932, 172559827
3937, 172559827
3942, 172559827
3947, 172564499
3952, 172564499
3957, 172564499
3962, 172564499
3967, 172564499
3972, 172566723
3977, 172566723
3982, 172566723
3987, 172566723
3992, 172558515
3997, 172558515
4002, 172558515
4007, 172558515
4012, 172558515
4017, 172556643
4022, 172556643
4027, 172556643
4032, 172556643
4037, 172554867
4042, 172554867
4047, 172554867
4052, 172554867
4057, 172554019
4062, 172554019
4067, 172554019
4072, 172554019
4077, 172554019
4082, 172558035
4087, 172558035
4092, 172558035
4097, 172558035
4102, 172557251
4107, 172557251
4112, 172557251
4117, 172557251
4122, 172557251
4127, 172557667
